0.000000 0.468027 N
0.468027 5.752018 A:(3,5)
5.752018 6.232018 A#:(3,5)
6.232018 91.980045 A:(3,5)
91.980045 93.556009 E:(3,5)
93.556009 95.432018 F#:(b3,5)
95.432018 97.308027 E:(3,5)
97.308027 100.496054 A:(3,5)
100.496054 102.636009 D:(3,5)
102.636009 104.588027 E:(3,5)
104.588027 106.484082 F#:(b3,5)
106.484082 108.332063 E:(3,5)
108.332063 109.718005 A:(3,5)
109.718005 110.152018 D:(3,5)
110.152018 113.916009 E:(3,5)
113.916009 115.964082 A:(3,5)
115.964082 117.370068 E:(3,5)
117.370068 136.136054 A:(3,5)
136.136054 139.650068 D:(3,5)
139.650068 214.024036 A:(3,5)
214.024036 220.496689 N
