0.000000 0.388027 N
0.388027 2.108027 G:(3,5)
2.108027 2.928073 C:(3,5)
2.928073 6.992018 G:(3,5)
6.992018 8.240000 G:(3,5,b7)
8.240000 9.780045 C:(3,5)
9.780045 15.068027 G:(3,5)
15.068027 16.268027 C:(3,5)
16.268027 18.228027 G:(3,5)
18.228027 19.520000 C:(3,5)
19.520000 21.572063 G:(3,5)
21.572063 27.376054 C:(3,5)
27.376054 29.832018 G:(b3,5)
29.832018 31.040000 C:(3,5)
31.040000 33.032018 G:(3,5)
33.032018 33.740045 C:(3,5)
33.740045 36.344036 G:(3,5)
36.344036 37.164082 C:(3,5)
37.164082 39.640000 G:(3,5)
39.640000 40.844082 C:(3,5)
40.844082 42.880000 G:(3,5)
42.880000 48.688073 C:(3,5)
48.688073 49.892063 G:(b3,5)
49.892063 51.104036 G:(3,5)
51.104036 52.232018 C:(3,5)
52.232018 53.116009 G:(b3,5)
53.116009 56.016054 G:(3,5)
56.016054 59.708027 D:(3,5)
59.708027 60.116009 G:(3,5)
60.116009 61.320000 G:(3,5,b7)
61.320000 62.576054 G:(3,5)
62.576054 65.820045 D:(3,5)
65.820045 67.452063 C:(3,5)
67.452063 70.732063 G:(3,5)
70.732063 71.904036 C:(3,5)
71.904036 74.052063 G:(3,5)
74.052063 75.152018 C:(3,5)
75.152018 77.248073 G:(3,5)
77.248073 83.008073 C:(3,5)
83.008073 85.424036 G:(b3,5)
85.424036 86.988027 C:(3,5)
86.988027 87.380045 G:(b3,5)
87.380045 90.352018 G:(3,5)
90.352018 93.556009 D:(3,5)
93.556009 95.180045 C:(3,5)
95.180045 96.800000 G:(3,5)
96.800000 100.012063 D:(3,5)
100.012063 101.640000 C:(3,5)
101.640000 108.872018 G:(3,5)
108.872018 109.676009 D:(3,5,b7)
109.676009 110.920000 G:(3,5)
110.920000 112.920000 C:(3,5)
112.920000 114.468027 G:(3,5)
114.468027 115.356009 C:(3,5)
115.356009 117.752018 G:(3,5)
117.752018 123.548027 C:(3,5)
123.548027 125.908027 G:(3,5)
125.908027 127.104036 C:(3,5)
127.104036 129.124082 G:(3,5)
129.124082 130.332063 C:(3,5)
130.332063 132.324082 G:(3,5)
132.324082 133.788027 C:(3,5)
133.788027 135.084082 G:(b3,5)
135.084082 136.332063 C:(3,5)
136.332063 137.992018 G:(b3,5)
137.992018 142.756281 N
