0.000000 0.388027 N
0.388027 0.920000 A:(3,5)
0.920000 1.416054 Ab:(b3,5)
1.416054 5.044082 F#:(b3,5)
5.044082 5.556009 E:(3,5)
5.556009 7.862041 D:(3,5)
7.862041 9.604082 D:(3,5,7)
9.604082 10.616054 E:(3,5)
10.616054 15.166077 A:(3,5)
15.166077 15.676009 Ab:(b3,5)
15.676009 19.418050 F#:(b3,5)
19.418050 19.720000 E:(3,5)
19.720000 21.264036 D:(3,5)
21.264036 21.744036 F#:(b3,5)
21.744036 22.748027 E:(3,5)
22.748027 27.164082 A:(3,5)
27.164082 27.708027 A:(3,5,7)
27.708027 31.364082 F#:(b3,5)
31.364082 31.876009 E:(3,5)
31.876009 32.720000 D:(3,5)
32.720000 33.752018 D:(3,5,7)
33.752018 34.752018 E:(3,5)
34.752018 35.728073 A:(3,5)
35.728073 37.704036 E:(3,5)
37.704036 39.716009 D:(3,5)
39.716009 40.716009 A:(b3,5)
40.716009 41.784036 D:(3,5)
41.784036 47.242086 A:(3,5)
47.242086 47.740045 A:(3,5,7)
47.740045 51.232018 F#:(b3,5)
51.232018 51.716009 E:(3,5)
51.716009 53.476009 D:(3,5)
53.476009 54.200000 B:(3,5)
54.200000 55.696054 A:(3,5)
55.696054 57.700045 E:(3,5)
57.700045 59.670023 D:(3,5)
59.670023 60.648073 A:(b3,5)
60.648073 61.408073 D:(3,5)
61.408073 67.348027 A:(3,5)
67.348027 67.606077 E:(3,5)
67.606077 71.080000 F#:(b3,5)
71.080000 71.564082 E:(3,5)
71.564082 73.540045 D:(3,5)
73.540045 74.520000 E:(3,5)
74.520000 75.252063 A:(3,5)
75.252063 77.476009 E:(3,5)
77.476009 79.488073 D:(3,5)
79.488073 80.528073 A:(b3,5)
80.528073 81.556009 D:(3,5)
81.556009 86.808073 A:(3,5)
86.808073 87.418050 A:(3,5,7)
87.418050 90.956009 F#:(b3,5)
90.956009 91.456054 E:(3,5)
91.456054 93.432018 D:(3,5)
93.432018 93.956009 E:(3,5)
93.956009 95.448073 A:(3,5)
95.448073 97.404082 E:(3,5)
97.404082 99.308027 D:(3,5)
99.308027 100.658050 A:(b3,5)
100.658050 101.408073 D:(3,5)
101.408073 102.888073 A:(3,5)
102.888073 105.356009 E:(3,5)
105.356009 107.376054 D:(3,5)
107.376054 108.288073 A:(b3,5)
108.288073 109.080000 D:(3,5)
109.080000 110.804082 A:(3,5)
110.804082 113.292063 E:(3,5)
113.292063 114.824036 D:(3,5)
114.824036 116.216054 A:(3,5)
116.216054 117.764082 D:(3,5)
117.764082 118.256054 A:(3,5)
118.256054 119.224036 E:(3,5)
119.224036 122.676009 A:(3,5)
122.676009 127.152472 N
