0.000000 0.348027 N
0.348027 1.900045 A:(3,5)
1.900045 2.968073 D:(3,5)
2.968073 4.816054 A:(3,5)
4.816054 6.260045 D:(3,5)
6.260045 7.800000 A:(3,5)
7.800000 9.236009 D:(3,5)
9.236009 10.740045 A:(3,5)
10.740045 11.864036 D:(3,5)
11.864036 13.648073 A:(3,5)
13.648073 15.076009 D:(3,5)
15.076009 16.520000 A:(3,5)
16.520000 17.996009 D:(3,5)
17.996009 19.428027 A:(3,5)
19.428027 20.904036 D:(3,5)
20.904036 29.368073 A:(3,5)
29.368073 32.612063 A:(3,5,b7)
32.612063 33.344036 E:(3,5)
33.344036 35.548027 N
35.548027 36.868027 A:(3,5)
36.868027 38.348027 D:(3,5)
38.348027 39.908027 A:(3,5)
39.908027 41.328073 D:(3,5)
41.328073 67.308027 A:(3,5)
67.308027 68.388027 E:(3,5)
68.388027 69.856054 D:(3,5,b7)
69.856054 71.660045 A:(3,5)
71.660045 72.752018 D:(3,5)
72.752018 74.536054 A:(3,5)
74.536054 75.588027 D:(3,5)
75.588027 75.924082 A:(3,5)
75.924082 78.480000 E:(3,5)
78.480000 81.748027 E:(b3,5)
81.748027 84.652063 D:(3,5,b7)
84.652063 87.288073 A:(3,5,b7)
87.288073 89.420045 A:(b3,b5)
89.420045 90.836009 A:(3,5,b7)
90.836009 104.824036 A:(3,5)
104.824036 107.876009 A:(b3,5)
107.876009 112.916009 A:(3,5)
112.916009 117.284082 A:(b3,5)
117.284082 117.988027 G:(3,5)
117.988027 119.136054 D:(3,5)
119.136054 120.892063 A:(3,5)
120.892063 122.332063 D:(3,5)
122.332063 135.304036 A:(3,5)
135.304036 136.396009 D:(3,5)
136.396009 138.416054 A:(b3,5)
138.416054 156.204082 A:(3,5)
156.204082 159.028027 A:(b3,5)
159.028027 175.660045 A:(3,5)
175.660045 177.144036 D:(3,5)
177.144036 188.148027 A:(3,5)
188.148027 192.932063 A:(b3,5)
192.932063 194.380045 A:(b3,b5)
194.380045 195.796009 A:(3,#5)
195.796009 197.144036 A:(b3,b5)
197.144036 204.196009 A:(3,5,b7)
204.196009 204.928073 A:(b3,b5)
204.928073 205.652063 A:(3,#5)
205.652063 210.160000 A:(3,5)
210.160000 211.656054 D:(3,5)
211.656054 217.942494 N
