0.000000 0.392018 N
0.392018 2.208073 C:(3,5)
2.208073 3.148027 F:(3,5)
3.148027 3.788027 C:(3,5)
3.788027 5.784036 G:(3,5)
5.784036 6.452063 F:(3,5,b7)
6.452063 7.320000 F:(3,5)
7.320000 8.660045 C:(3,5)
8.660045 9.080000 C:(3,5,7)
9.080000 11.036009 D:(3,5)
11.036009 11.724082 C:(3,5)
11.724082 12.840000 C:(3,5,7)
12.840000 13.524082 D:(3,5)
13.524082 14.608073 G:(3,5)
14.608073 16.172063 C:(3,5)
16.172063 16.372063 G:(3,5)
16.372063 17.320000 F:(3,5)
17.320000 18.232018 C:(3,5)
18.232018 20.000000 G:(3,5)
20.000000 20.688073 F:(3,5,b7)
20.688073 21.572063 F:(3,5)
21.572063 23.096054 C:(3,5)
23.096054 23.340045 C:(3,5,7)
23.340045 25.316009 D:(3,5)
25.316009 27.128073 C:(3,5,7)
27.128073 27.808073 D:(3,5)
27.808073 28.928073 G:(3,5)
28.928073 30.488073 C:(3,5)
30.488073 32.300045 C:(3,5,b7)
32.300045 33.880000 D:(b3,5)
33.880000 34.368073 F:(3,5)
34.368073 35.952018 F:(b3,5)
35.952018 37.692063 C:(3,5)
37.692063 39.756009 C:(3,5,b7)
39.756009 41.544036 D:(b3,5)
41.544036 43.140045 F:(b3,5)
43.140045 45.120000 C:(3,5)
45.120000 46.928073 D:(b3,5)
46.928073 48.732063 G:(3,5)
48.732063 49.388027 F:(3,5,b7)
49.388027 50.324082 F:(3,5)
50.324082 52.084082 C:(3,5)
52.084082 53.888073 D:(3,5)
53.888073 55.920000 C:(3,5,7)
55.920000 56.596009 D:(3,5,b7)
56.596009 57.936054 C:(3,5,7)
57.936054 59.528073 C:(3,5)
59.528073 60.448073 F:(3,5)
60.448073 61.140045 C:(3,5)
61.140045 63.140045 G:(3,5)
63.140045 63.832018 F:(3,5,b7)
63.832018 64.728073 F:(3,5)
64.728073 66.508027 C:(3,5)
66.508027 68.500045 D:(3,5)
68.500045 69.404082 C:(3,5)
69.404082 70.308027 E:(b3,5)
70.308027 71.000000 D:(3,5)
71.000000 72.104036 G:(3,5)
72.104036 73.680091 C:(3,5)
73.680091 75.488073 C:(3,5,b7)
75.488073 77.544036 D:(b3,5)
77.544036 79.156009 F:(b3,5)
79.156009 82.968073 C:(3,5)
82.968073 84.780045 D:(b3,5)
84.780045 86.400091 F:(b3,5)
86.400091 88.184036 C:(3,5)
88.184036 88.404082 C:(3,5,7)
88.404082 89.324082 D:(b3,5)
89.324082 90.016054 F:(3,5)
90.016054 92.024036 G:(3,5)
92.024036 93.632018 F:(3,5)
93.632018 95.408073 C:(3,5,7)
95.408073 97.172063 D:(3,5)
97.172063 97.384036 G:(3,5)
97.384036 99.196009 C:(3,5,7)
99.196009 99.884082 D:(3,5)
99.884082 100.984036 G:(3,5)
100.984036 102.800000 C:(3,5)
102.800000 103.720000 F:(3,5)
103.720000 106.708027 C:(3,5)
106.708027 111.037823 N
