0.000000 1.280000 N
1.280000 21.236009 E:(3,5)
21.236009 21.852063 B:(3,5)
21.852063 22.800000 F#:(3,5)
22.800000 23.672018 D#:(b3,5)
23.672018 23.952018 B:(3,5)
23.952018 25.360000 E:(3,5)
25.360000 26.412063 C#:(3,5,b7)
26.412063 27.908027 F#:(3,5)
27.908027 29.412063 E:(3,5,7)
29.412063 32.676009 E:(b3,5,b7)
32.676009 51.994014 E:(3,5)
51.994014 53.384036 F#:(3,5)
53.384036 55.538050 E:(3,5,7)
55.538050 55.832018 E:(3,5)
55.832018 56.874014 C#:(3,5,b7)
56.874014 58.444082 F#:(3,5)
58.444082 59.308027 B:(3,5)
59.308027 59.914014 E:(3,5)
59.914014 61.980045 E:(b3,5,b7)
61.980045 96.624036 E:(3,5)
96.624036 97.820045 F#:(3,5)
97.820045 99.950023 E:(3,5,7)
99.950023 100.244082 E:(3,5)
100.244082 101.218050 C#:(3,5,b7)
101.218050 102.824036 F#:(3,5)
102.824036 103.708027 B:(3,5)
103.708027 114.824036 E:(3,5)
114.824036 118.979048 N
