0.000000 0.484082 N
0.484082 3.082086 F:(3,5)
3.082086 5.558005 C:(3,5)
5.558005 7.998005 G:(3,5,b7)
7.998005 10.376054 A:(b3,5,b7)
10.376054 12.848073 G:(3,5,b7)
12.848073 15.348027 A:(b3,5)
15.348027 21.228027 G:(3,5,b7)
21.228027 24.084082 C:(3,5)
24.084082 25.304036 A:(b3,5,b7)
25.304036 26.520000 C:(3,5)
26.520000 27.756009 F:(3,5)
27.756009 29.004082 Ab:(3,5)
29.004082 30.224036 C:(3,5)
30.224036 31.460045 C:(3,5,7)
31.460045 32.676009 A:(b3,5,b7)
32.676009 33.928073 C:(3,5,7)
33.928073 35.128073 F:(3,5)
35.128073 36.376054 A#:(3,5,b7)
36.376054 38.816054 C:(3,5)
38.816054 41.264036 F:(3,5)
41.264036 43.724082 C:(3,5)
43.724082 47.098050 G:(3,5,b7)
47.098050 48.600000 C:(3,5)
48.600000 51.024036 G:(3,5,b7)
51.024036 53.456054 A:(b3,5)
53.456054 54.378050 G:(3,5)
54.378050 59.576054 G:(3,5,b7)
59.576054 60.800000 C:(3,5)
60.800000 62.028027 C:(3,5,7)
62.028027 63.220045 A:(b3,5,b7)
63.220045 64.472018 C:(3,5,7)
64.472018 65.732063 F:(3,5)
65.732063 66.912018 Ab:(3,5)
66.912018 68.140045 C:(3,5)
68.140045 69.376054 C:(3,5,7)
69.376054 70.564082 A:(b3,5,b7)
70.564082 71.788027 C:(3,5,7)
71.788027 73.020045 F:(3,5)
73.020045 74.272018 A#:(3,5,b7)
74.272018 76.676009 C:(3,5)
76.676009 79.028027 F:(3,5)
79.028027 81.118005 C:(3,5)
81.118005 83.804082 G:(3,5,b7)
83.804082 86.232018 A:(b3,5,b7)
86.232018 88.608073 G:(3,5)
88.608073 91.028027 A:(b3,5)
91.028027 97.056054 G:(3,5,b7)
97.056054 98.288073 C:(3,5)
98.288073 99.536054 C:(3,5,7)
99.536054 100.704036 A:(b3,5,b7)
100.704036 101.936054 C:(3,5,7)
101.936054 103.148027 F:(3,5)
103.148027 104.364082 Ab:(3,5)
104.364082 105.576054 C:(3,5)
105.576054 106.800000 C:(3,5,7)
106.800000 107.992018 A:(b3,5,b7)
107.992018 109.196009 C:(3,5,7)
109.196009 110.376054 F:(3,5)
110.376054 111.592018 A#:(3,5,b7)
111.592018 114.008073 C:(3,5)
114.008073 116.444082 F:(3,5)
116.444082 118.820045 C:(3,5)
118.820045 121.224036 G:(3,5,b7)
121.224036 123.544036 A:(b3,5)
123.544036 125.336054 G:(3,5,b7)
125.336054 125.952018 B:(b3,b5)
125.952018 128.332063 A:(b3,5)
128.332063 133.988027 G:(3,5)
133.988027 135.492063 C:(3,5)
135.492063 136.398005 C:(3,5,7)
136.398005 137.900045 A:(b3,5,b7)
137.900045 139.148027 C:(3,5,7)
139.148027 140.364082 F:(3,5)
140.364082 141.560000 Ab:(3,5)
141.560000 142.784036 C:(3,5)
142.784036 143.996009 C:(3,5,7)
143.996009 145.204082 A:(b3,5,b7)
145.204082 146.400000 C:(3,5,7)
146.400000 147.588027 F:(3,5)
147.588027 148.820045 A#:(3,5,b7)
148.820045 151.204082 C:(3,5)
151.204082 152.408073 A:(b3,5,b7)
152.408073 153.648073 C:(3,5,7)
153.648073 154.760000 F:(3,5)
154.760000 158.416054 Ab:(3,5,7)
158.416054 159.620045 Ab:(3,5,b7)
159.620045 160.832018 F:(3,5,b7)
160.832018 205.900045 C:(3,5)
205.900045 211.487347 N
