0.000000 0.160000 N
0.160000 0.716009 D#:(3,5,b7)
0.716009 1.140045 G:(b3,b5)
1.140045 2.348027 A:(b3,5)
2.348027 2.920000 A:(3,5)
2.920000 4.064036 A:(b3,5)
4.064036 7.592018 E:(b3,5)
7.592018 10.984036 A:(b3,5)
10.984036 13.296054 E:(3,5)
13.296054 14.376054 E:(b3,5)
14.376054 18.716009 D:(b3,5)
18.716009 22.964082 A:(b3,5)
22.964082 24.312018 D:(3,5)
24.312018 26.408073 D:(b3,5)
26.408073 29.980045 A:(b3,5)
29.980045 31.092063 D:(3,5)
31.092063 33.296054 D:(b3,5)
33.296054 36.892063 A:(b3,5)
36.892063 37.828027 D:(3,5)
37.828027 40.752018 D:(b3,5)
40.752018 44.604082 A:(b3,5)
44.604082 53.168073 A:(3,5,b7)
53.168073 53.712018 E:(3,5)
53.712018 54.008073 F:(3,5)
54.008073 55.488073 C:(3,5)
55.488073 59.044082 A:(b3,5)
59.044082 60.912018 A:(3,5)
60.912018 62.396009 A:(3,5,b7)
62.396009 62.832018 A:(3,5,7)
62.832018 63.272018 E:(3,5,7)
63.272018 67.148027 A:(3,5,b7)
67.148027 67.608073 A#:(b3,b5)
67.608073 68.016054 B:(3,5)
68.016054 69.324082 C:(3,5)
69.324082 70.064036 C:(3,5,7)
70.064036 70.604082 C:(3,5,b7)
70.604082 73.152018 A:(b3,5)
73.152018 73.724082 A:(3,5,7)
73.724082 74.296054 A:(3,5,b7)
74.296054 76.044082 C:(3,5,b7)
76.044082 76.484082 C:(3,5)
76.484082 77.348027 A:(3,5,b7)
77.348027 77.872018 A:(3,5,7)
77.872018 78.148027 G:(b3,b5)
78.148027 78.720000 G:(3,5,7)
78.720000 80.376054 G:(3,5,b7)
80.376054 80.504036 G:(b3,b5)
80.504036 80.968073 A:(3,5,7)
80.968073 81.524082 A:(3,5,b7)
81.524082 83.056054 C:(3,5,b7)
83.056054 83.628027 C:(3,5)
83.628027 84.864036 A:(3,5,b7)
84.864036 85.528073 G:(3,5)
85.528073 86.080000 D:(3,5,b7)
86.080000 86.796009 G:(3,5,b7)
86.796009 87.508027 G:(3,5)
87.508027 88.040091 A:(3,5)
88.040091 88.584036 A:(3,5,b7)
88.584036 89.164082 C:(3,5,b7)
89.164082 90.060045 A:(b3,5)
90.060045 90.812063 C:(3,5)
90.812063 91.740045 A:(3,5,b7)
91.740045 92.016054 E:(b3,5,b7)
92.016054 94.540045 G:(3,5)
94.540045 96.152018 C:(3,5)
96.152018 97.732063 A:(b3,5)
97.732063 98.564082 F:(3,5,7)
98.564082 99.360000 F:(3,5)
99.360000 100.204082 G:(3,5)
100.204082 100.824036 G:(3,5,b7)
100.824036 102.516009 C:(3,5)
102.516009 104.164082 A:(b3,5)
104.164082 104.976054 F:(3,5,7)
104.976054 105.812063 F:(3,5)
105.812063 106.688073 G:(3,5)
106.688073 107.500045 G:(3,5,b7)
107.500045 108.660045 C:(3,5)
108.660045 109.952018 A:(b3,5)
109.952018 111.220045 F:(3,5)
111.220045 112.456054 G:(3,5)
112.456054 113.660045 C:(3,5)
113.660045 114.916009 A:(b3,5)
114.916009 116.280000 F:(3,5)
116.280000 117.256054 G:(3,5)
117.256054 118.568073 C:(3,5)
118.568073 119.792018 A:(b3,5)
119.792018 121.000000 F:(3,5)
121.000000 122.248073 G:(3,5,b7)
122.248073 123.884082 C:(3,5)
123.884082 125.620045 A:(b3,5)
125.620045 127.172063 F:(3,5,7)
127.172063 128.104036 G:(3,5,7)
128.104036 128.752018 G:(3,5)
128.752018 130.676009 C:(3,5)
130.676009 132.236009 A:(b3,5)
132.236009 134.012063 F:(3,5)
134.012063 135.100045 G:(3,5)
135.100045 135.632018 G:(b3,5)
135.632018 137.768073 F:(b3,5)
137.768073 139.052063 E#:(b3,5,b7)
139.052063 139.900045 F:(b3,5)
139.900045 142.032018 N
142.032018 143.756009 C:(3,5)
143.756009 145.572063 A:(b3,5)
145.572063 147.236009 F:(3,5)
147.236009 148.744036 G:(3,5)
148.744036 148.912018 B:(3,#5)
148.912018 150.596009 C:(3,5)
150.596009 152.320000 A:(b3,5)
152.320000 153.180045 F:(3,5,7)
153.180045 154.036009 F:(3,5)
154.036009 154.852063 G:(3,5)
154.852063 155.644082 G:(3,5,b7)
155.644082 160.656054 C:(3,5)
160.656054 163.468481 N
