0.000000 2.288073 N
2.288073 4.208073 F:(3,5)
4.208073 6.152018 G:(3,5)
6.152018 10.004082 C:(3,5)
10.004082 10.964082 F:(3,5)
10.964082 11.940045 F:(3,5,b7)
11.940045 13.904036 G:(3,5)
13.904036 17.484082 C:(3,5)
17.484082 19.352018 A:(b3,5)
19.352018 21.240000 E:(b3,5)
21.240000 23.072018 F:(3,5,7)
23.072018 24.816054 E:(b3,5)
24.816054 27.212063 D:(b3,5,b7)
27.212063 29.380045 G:(3,5)
29.380045 32.988027 C:(3,5)
32.988027 33.972063 F:(3,5)
33.972063 34.944036 F:(3,5,7)
34.944036 36.896054 G:(3,5)
36.896054 37.376054 C:(3,5)
37.376054 37.588027 Ab:(3,#5)
37.588027 40.696054 C:(3,5)
40.696054 41.724082 F:(3,5)
41.724082 42.652063 F:(3,5,7)
42.652063 44.836009 G:(3,5)
44.836009 45.344036 C:(3,5)
45.344036 50.012063 A:(b3,5)
50.012063 51.916009 E:(b3,5)
51.916009 53.756009 F:(3,5,7)
53.756009 55.664036 E:(b3,5)
55.664036 56.396009 F:(3,5)
56.396009 57.832018 F:(3,5,7)
57.832018 59.776054 G:(3,5)
59.776054 65.564082 C:(3,5)
65.564082 67.244082 E:(3,5)
67.244082 71.332063 A:(3,5)
71.332063 73.012063 D:(b3,5)
73.012063 75.156009 F:(3,5)
75.156009 80.876009 C:(3,5)
80.876009 82.780045 E:(3,5)
82.780045 86.596009 A:(3,5)
86.596009 88.528073 D:(b3,5)
88.528073 90.452063 F:(3,5)
90.452063 94.276009 C:(3,5)
94.276009 96.244082 F:(3,5,b7)
96.244082 98.196009 G:(3,5)
98.196009 102.028027 C:(3,5)
102.028027 103.264036 F:(3,5)
103.264036 103.748027 F:(3,5,7)
103.748027 105.948027 C:(3,5,7)
105.948027 109.532063 C:(3,5)
109.532063 111.404082 A:(b3,5)
111.404082 113.292063 E:(b3,5)
113.292063 115.188027 F:(3,5,7)
115.188027 117.104036 E:(b3,5)
117.104036 117.620045 A:(b3,5)
117.620045 118.300045 F:(3,5)
118.300045 119.032018 F:(3,5,7)
119.032018 121.220045 G:(3,5)
121.220045 124.792018 C:(3,5)
124.792018 126.720000 A:(b3,5)
126.720000 128.548027 E:(b3,5)
128.548027 130.656054 F:(3,5,7)
130.656054 133.452063 C:(3,5)
133.452063 137.833651 N
