0.000000 10.680000 N
10.680000 20.240000 G:(3,5,7)
20.240000 24.304036 G:(3,5)
24.304036 25.364082 C:(3,5)
25.364082 26.444082 C:(3,5,7)
26.444082 28.588027 A:(b3,5)
28.588027 34.000000 G:(3,5)
34.000000 35.080000 C:(3,5)
35.080000 36.152018 G:(3,5)
36.152018 38.304036 A:(b3,5)
38.304036 39.908027 G:(3,5)
39.908027 40.720000 D:(3,5)
40.720000 43.120000 G:(3,5)
43.120000 43.944036 D:(3,5)
43.944036 44.748027 G:(3,5)
44.748027 46.336054 G:(3,5,7)
46.336054 47.164082 C:(3,5)
47.164082 54.260045 G:(3,5,7)
54.260045 64.020045 G:(3,5)
64.020045 64.576054 C:(3,5)
64.576054 65.948027 C:(3,5,7)
65.948027 68.108027 A:(b3,5,b7)
68.108027 73.584036 G:(3,5,7)
73.584036 73.836009 G:(3,5)
73.836009 74.672018 C:(3,5)
74.672018 75.764082 G:(3,5)
75.764082 77.948027 A:(b3,5)
77.948027 79.564082 G:(3,5)
79.564082 80.400091 D:(3,5)
80.400091 82.832018 G:(3,5)
82.832018 83.664036 D:(3,5)
83.664036 84.488073 G:(3,5)
84.488073 86.128073 G:(3,5,7)
86.128073 86.928073 C:(3,5)
86.928073 89.652063 G:(3,5,7)
89.652063 91.508027 N
91.508027 93.704036 A#:(3,5)
93.704036 95.356009 D:(b3,5)
95.356009 98.112018 G:(b3,5)
98.112018 101.404082 A:(b3,5,b7)
101.404082 104.340045 D:(3,5)
104.340045 110.144036 G:(3,5)
110.144036 112.332063 C:(3,5,7)
112.332063 114.508027 A:(b3,5)
114.508027 120.012063 G:(3,5)
120.012063 121.136054 C:(3,5)
121.136054 122.200000 G:(3,5,7)
122.200000 124.380045 A:(b3,5)
124.380045 126.028027 G:(3,5)
126.028027 126.868027 D:(3,5)
126.868027 129.364082 G:(3,5)
129.364082 130.476009 D:(3,5)
130.476009 132.668027 G:(3,5)
132.668027 133.504036 C:(3,5)
133.504036 136.556009 G:(3,5,7)
136.556009 138.224036 N
138.224036 140.460045 A#:(3,5)
140.460045 140.776054 F:(3,5)
140.776054 142.136054 D:(b3,5)
142.136054 144.344036 G:(b3,5)
144.344036 144.892063 G:(3,5,7)
144.892063 148.212063 A:(b3,5,b7)
148.212063 151.444082 D:(3,5)
151.444082 156.976054 G:(3,5)
156.976054 158.084082 C:(3,5)
158.084082 159.196009 G:(3,5,7)
159.196009 161.156009 A:(b3,5)
161.156009 166.976054 G:(3,5)
166.976054 168.380045 C:(3,5,7)
168.380045 169.204082 G:(3,5,7)
169.204082 171.424036 A:(b3,5,b7)
171.424036 172.816054 G:(3,5,7)
172.816054 173.100045 G:(3,5)
173.100045 174.208073 D:(3,5)
174.208073 176.468027 G:(3,5)
176.468027 177.308027 D:(3,5)
177.308027 179.828027 G:(3,5,7)
179.828027 180.664036 C:(3,5)
180.664036 185.364082 G:(3,5)
185.364082 189.820045 G:(3,5,7)
189.820045 213.468027 G:(3,5)
213.468027 216.642177 N
