0.000000 0.308027 N
0.308027 1.504036 C:(3,5)
1.504036 2.664036 A#:(3,5)
2.664036 3.788027 F:(3,5)
3.788027 4.952018 A#:(3,5)
4.952018 6.100045 C:(3,5)
6.100045 7.264036 A#:(3,5)
7.264036 8.392018 F:(3,5)
8.392018 9.544036 A#:(3,5)
9.544036 10.704036 C:(3,5)
10.704036 11.864036 A#:(3,5)
11.864036 13.008073 F:(3,5)
13.008073 14.188027 A#:(3,5)
14.188027 15.360000 C:(3,5,b7)
15.360000 16.544036 A#:(3,5)
16.544036 17.664036 F:(3,5)
17.664036 18.824036 A#:(3,5)
18.824036 19.992018 C:(b3,5)
19.992018 21.092063 A#:(3,5)
21.092063 22.300045 F:(3,5)
22.300045 23.440000 A#:(3,5)
23.440000 24.336054 C:(3,5)
24.336054 25.792018 A#:(3,5)
25.792018 26.904036 F:(3,5)
26.904036 28.088073 A#:(3,5)
28.088073 28.952018 C:(3,5)
28.952018 30.348027 A#:(3,5)
30.348027 31.528073 F:(3,5)
31.528073 32.640000 A#:(3,5)
32.640000 33.752018 C:(3,5)
33.752018 34.928073 A#:(3,5)
34.928073 36.068027 F:(3,5)
36.068027 37.224036 A#:(3,5)
37.224036 38.356009 C:(3,5)
38.356009 39.448073 A#:(3,5)
39.448073 40.564082 F:(3,5)
40.564082 41.740045 A#:(3,5)
41.740045 42.880000 C:(b3,5)
42.880000 44.004082 A#:(3,5)
44.004082 45.168073 F:(3,5)
45.168073 46.348027 A#:(3,5)
46.348027 47.158005 C:(3,5)
47.158005 50.015782 N
