0.000000 2.152018 N
2.152018 17.640000 E:(3,5,b7)
17.640000 19.996009 B:(3,5,b7)
19.996009 23.356009 E:(3,5)
23.356009 24.848073 A:(3,5)
24.848073 26.396009 C:(3,5)
26.396009 27.840000 E:(3,5)
27.840000 28.936054 B:(3,5)
28.936054 41.444082 E:(3,5)
41.444082 44.188027 B:(3,5)
44.188027 47.168073 E:(3,5)
47.168073 48.668027 A:(3,5)
48.668027 50.164082 C:(3,5)
50.164082 51.628027 E:(3,5)
51.628027 52.736054 B:(3,5)
52.736054 56.132063 E:(3,5)
56.132063 65.344036 A:(3,5)
65.344036 66.112018 B:(3,5)
66.112018 66.492063 E:(3,5)
66.492063 68.392018 B:(3,5,b7)
68.392018 70.988027 A:(3,5)
70.988027 78.192018 E:(3,5)
78.192018 80.408073 E:(3,5,b7)
80.408073 82.752018 B:(3,5,b7)
82.752018 86.188027 E:(3,5)
86.188027 87.704036 A:(3,5)
87.704036 89.204082 C:(3,5)
89.204082 90.684082 E:(3,5)
90.684082 91.852063 B:(3,5)
91.852063 92.544036 E:(3,5)
92.544036 104.104036 E:(3,5,b7)
104.104036 107.084082 B:(3,5,b7)
107.084082 110.132063 E:(b3,5)
110.132063 113.116009 A:(3,5)
113.116009 114.976054 E:(b3,5)
114.976054 116.092063 B:(3,5,b7)
116.092063 118.960000 E:(3,5)
118.960000 128.024036 A:(3,5)
128.024036 130.664036 B:(3,5)
130.664036 131.060045 E:(3,5)
131.060045 134.044082 A:(3,5)
134.044082 136.656054 E:(3,5)
136.656054 137.800091 A:(3,5)
137.800091 142.680000 E:(3,5)
142.680000 145.664036 B:(3,5,b7)
145.664036 147.532063 E:(3,5,7)
147.532063 149.004082 E:(3,5)
149.004082 150.540045 A:(3,5)
150.540045 152.032018 C:(3,5)
152.032018 153.540045 E:(3,5)
153.540045 154.664036 B:(3,5)
154.664036 159.536054 E:(3,5)
159.536054 160.716009 B:(3,5)
160.716009 165.560000 E:(3,5)
165.560000 167.076009 B:(3,5)
167.076009 168.624036 A:(3,5)
168.624036 171.756009 E:(3,5,b7)
171.756009 175.775057 N
