0.000000 0.396009 N
0.396009 2.212063 D:(3,5)
2.212063 3.960000 E:(3,5,b7)
3.960000 5.704036 E:(b3,5,b7)
5.704036 8.748027 D:(3,5)
8.748027 10.904036 E:(3,5)
10.904036 12.680000 G:(3,5)
12.680000 15.692063 D:(3,5)
15.692063 17.856054 E:(3,5)
17.856054 19.632018 G:(3,5)
19.632018 21.312018 D:(3,5)
21.312018 22.920091 B:(b3,5)
22.920091 24.628027 E:(b3,5,b7)
24.628027 26.356009 B:(b3,5)
26.356009 28.076009 E:(3,5)
28.076009 29.932063 D:(3,5)
29.932063 31.688073 E:(3,5)
31.688073 33.420045 G:(3,5)
33.420045 36.460045 D:(3,5)
36.460045 38.612063 E:(3,5)
38.612063 40.324082 G:(3,5)
40.324082 43.788027 D:(3,5)
43.788027 45.468027 E:(3,5)
45.468027 47.168073 G:(3,5)
47.168073 48.888073 D:(3,5)
48.888073 50.452063 B:(b3,5)
50.452063 52.292063 G:(3,5)
52.292063 53.936054 B:(b3,5)
53.936054 55.596009 E:(3,5)
55.596009 57.332063 D:(3,5)
57.332063 59.180045 E:(3,5)
59.180045 60.936054 G:(3,5)
60.936054 62.592018 D:(3,5)
62.592018 66.120000 A:(3,5)
66.120000 69.492063 B:(b3,5)
69.492063 73.080000 E:(3,5)
73.080000 74.832018 E:(b3,5,b7)
74.832018 76.600000 A:(3,5)
76.600000 78.284082 D:(3,5)
78.284082 79.988027 E:(3,5)
79.988027 81.712018 G:(3,5)
81.712018 84.768073 D:(3,5)
84.768073 86.936054 E:(3,5)
86.936054 88.680091 G:(3,5)
88.680091 89.952018 D:(3,5)
89.952018 91.936054 B:(b3,5)
91.936054 93.652063 G:(3,5)
93.652063 95.380045 B:(b3,5)
95.380045 97.220045 E:(3,5)
97.220045 98.952018 D:(3,5)
98.952018 100.672018 E:(3,5)
100.672018 102.408073 G:(3,5)
102.408073 104.144036 D:(3,5)
104.144036 107.628027 A:(3,5)
107.628027 111.116009 B:(b3,5)
111.116009 114.612063 E:(3,5)
114.612063 116.216054 G:(3,5)
116.216054 117.936054 A:(3,5)
117.936054 119.796009 D:(3,5)
119.796009 121.544036 E:(3,5)
121.544036 123.296054 G:(3,5)
123.296054 126.812063 D:(3,5)
126.812063 128.556009 E:(3,5)
128.556009 130.304036 G:(3,5)
130.304036 132.024036 D:(3,5)
132.024036 133.600000 B:(b3,5)
133.600000 135.328073 G:(3,5)
135.328073 137.032018 B:(b3,5)
137.032018 138.844082 E:(3,5)
138.844082 140.192018 D:(3,5)
140.192018 142.376054 E:(3,5)
142.376054 144.084082 G:(3,5)
144.084082 145.772063 D:(3,5)
145.772063 147.476009 G:(3,5)
147.476009 149.248073 D:(3,5)
149.248073 150.940045 G:(3,5)
150.940045 160.584036 D:(3,5)
160.584036 165.418957 N
