0.000000 0.028027 N
0.028027 13.020045 G:(3,5)
13.020045 14.296054 B:(3,#5)
14.296054 15.624036 G:(3,5)
15.624036 16.622041 C:(3,5)
16.622041 18.232018 C:(b3,5)
18.232018 19.524082 G:(3,5)
19.524082 21.106032 A:(3,5)
21.106032 23.324082 G:(3,5)
23.324082 23.944036 C:(3,5)
23.944036 24.596009 G:(3,5)
24.596009 25.888073 A:(3,5,b7)
25.888073 32.912018 G:(3,5)
32.912018 33.608073 C:(3,5)
33.608073 34.514014 D:(3,5)
34.514014 36.792018 G:(3,5)
36.792018 38.100045 B:(3,#5)
38.100045 39.432018 G:(3,5)
39.432018 40.700045 C:(3,5)
40.700045 41.960000 C:(b3,5)
41.960000 43.332063 G:(3,5)
43.332063 44.808073 A:(3,5)
44.808073 46.976054 G:(3,5)
46.976054 47.962086 C:(3,5)
47.962086 50.872018 G:(b3,5)
50.872018 53.064036 C:(3,5)
53.064036 55.980045 G:(b3,5)
55.980045 56.822041 A:(3,5,b7)
56.822041 58.352018 G:(b3,5)
58.352018 62.860045 G:(3,5)
62.860045 63.504036 C:(3,5)
63.504036 64.764082 G:(3,5,7)
64.764082 65.448073 B:(3,#5)
65.448073 66.744036 G:(3,5)
66.744036 67.972063 B:(3,#5)
67.972063 69.272018 G:(3,5,7)
69.272018 70.564082 C:(3,5)
70.564082 71.824036 C:(b3,5)
71.824036 73.116009 G:(3,5)
73.116009 74.368073 A:(3,5,b7)
74.368073 77.228027 G:(3,5)
77.228027 80.732063 G:(b3,5)
80.732063 82.986032 C:(3,5)
82.986032 85.880000 G:(b3,5)
85.880000 86.726077 A:(3,5,b7)
86.726077 103.680000 G:(3,5)
103.680000 104.360000 C:(3,5)
104.360000 104.984036 G:(3,5)
104.984036 105.668027 A:(3,5)
105.668027 115.232018 G:(3,5)
115.232018 116.496054 B:(3,#5)
116.496054 117.780045 G:(3,5)
117.780045 119.008073 C:(3,5)
119.008073 120.308027 C:(b3,5)
120.308027 121.552018 G:(3,5)
121.552018 123.184036 A:(3,5)
123.184036 126.616054 G:(3,5)
126.616054 128.172063 A:(3,5)
128.172063 131.640000 G:(3,5)
131.640000 133.284082 A:(3,5)
133.284082 137.588027 G:(3,5)
137.588027 138.251610 N
