0.000000 1.824036 G:(3,5)
1.824036 3.756009 G:(3,5,7)
3.756009 6.572063 E:(b3,5)
6.572063 12.844082 C:(3,5)
12.844082 14.372063 G:(3,5)
14.372063 15.536054 B:(b3,5)
15.536054 19.012063 E:(b3,5,b7)
19.012063 20.776054 C:(3,5,7)
20.776054 22.220045 B:(3,#5)
22.220045 24.076009 A:(3,5)
24.076009 25.200000 A:(b3,5)
25.200000 26.768073 G:(3,5)
26.768073 28.340045 B:(b3,5)
28.340045 31.472018 E:(b3,5,b7)
31.472018 33.004082 C:(3,5,7)
33.004082 34.552018 F:(3,5)
34.552018 36.168073 E:(b3,5)
36.168073 37.732063 E:(b3,5,b7)
37.732063 39.276009 C:(3,5,7)
39.276009 40.816054 F:(3,5)
40.816054 42.376054 E:(b3,5)
42.376054 43.592018 C:(3,5)
43.592018 45.512018 G:(3,5)
45.512018 47.436009 B:(b3,5)
47.436009 50.084082 E:(b3,5,b7)
50.084082 51.564082 C:(3,5,7)
51.564082 53.216054 B:(3,5,b7)
53.216054 55.188027 A:(3,5)
55.188027 56.308027 A:(b3,5)
56.308027 57.428027 G:(3,5)
57.428027 59.420045 B:(b3,5)
59.420045 60.984036 E:(3,5)
60.984036 62.480000 D:(3,5)
62.480000 64.056054 C:(3,5)
64.056054 64.812063 F:(3,5)
64.812063 65.168073 G:(3,5)
65.168073 68.628027 E:(b3,5)
68.628027 71.732063 C:(3,5)
71.732063 73.220045 G:(3,5)
73.220045 73.952018 F#:(3,5)
73.952018 74.788027 F#:(b3,b5)
74.788027 75.116009 E:(b3,5,7)
75.116009 77.064036 E:(b3,5,b7)
77.064036 77.852063 D:(3,5)
77.852063 78.640000 C:(3,5)
78.640000 79.392018 C:(3,5,7)
79.392018 80.968073 B:(3,5,b7)
80.968073 83.992018 A:(3,5)
83.992018 85.520000 G:(3,5)
85.520000 86.964082 F#:(b3,5,b7)
86.964082 89.692063 E:(b3,5,b7)
89.692063 92.152018 C:(3,5,7)
92.152018 92.856054 C:(3,5)
92.856054 96.296054 E:(b3,5)
96.296054 100.504036 C:(3,5)
100.504036 113.620045 C:(3,5,7)
113.620045 134.072018 N
134.072018 145.940045 E:(3,5)
145.940045 148.856054 D:(3,5)
148.856054 149.232018 E:(b3,5)
149.232018 149.596009 E:(b3,5,7)
149.596009 150.308027 F#:(b3,b5,b7)
150.308027 156.068027 B:(3,5,b7)
156.068027 160.468027 E:(3,5)
160.468027 163.384036 D:(3,5)
163.384036 167.212063 E:(3,5)
167.212063 169.116009 B:(3,5,b7)
169.116009 172.032018 C:(3,5)
172.032018 174.980045 G:(3,5)
174.980045 177.932063 D:(3,5)
177.932063 180.828027 A:(3,5)
180.828027 183.852063 E:(3,5)
183.852063 186.656054 C:(3,5)
186.656054 189.564082 G:(3,5)
189.564082 192.440000 D:(3,5)
192.440000 195.340045 A:(3,5)
195.340045 196.524082 E:(3,5)
196.524082 196.896054 D:(3,5)
196.896054 197.976054 C:(3,5)
197.976054 199.808073 G:(3,5)
199.808073 201.356009 B:(b3,5)
201.356009 202.720000 E:(b3,5,b7)
202.720000 204.272018 D:(3,5)
204.272018 206.876009 C:(3,5,7)
206.876009 210.172063 A:(b3,5)
210.172063 211.692063 G:(3,5)
211.692063 213.876009 B:(b3,5)
213.876009 214.600000 E:(b3,5,b7)
214.600000 215.688073 D:(3,5)
215.688073 217.452063 C:(3,5)
217.452063 218.992018 F:(3,5)
218.992018 221.964082 E:(b3,5)
221.964082 226.336054 C:(3,5)
226.336054 227.764082 F#:(b3,b5)
227.764082 229.252063 G:(3,5)
229.252063 230.692063 A:(b3,5)
230.692063 231.404082 B:(3,5,b7)
231.404082 234.692063 C:(3,5,7)
234.692063 238.320000 Ab:(3,#5)
238.320000 240.684082 E:(3,5)
240.684082 255.492063 N
255.492063 261.872018 E:(3,5)
261.872018 287.712018 E:(3,5,7)
287.712018 296.448073 E:(3,5)
296.448073 300.904036 E:(3,5,7)
300.904036 304.416054 E:(3,5)
304.416054 333.763628 N
