0.000000 0.408073 N
0.408073 2.356009 G:(3,5)
2.356009 3.608073 G:(3,5,7)
3.608073 6.188027 G:(3,5)
6.188027 6.856054 C:(3,5)
6.856054 8.430023 D:(3,5,b7)
8.430023 9.992018 G:(3,5)
9.992018 15.720000 G:(3,5,7)
15.720000 17.564082 E:(b3,5,b7)
17.564082 18.784036 A:(b3,5,b7)
18.784036 21.232018 G:(3,5,7)
21.232018 22.472018 E:(b3,5)
22.472018 23.720000 D:(3,5)
23.720000 24.952018 C:(3,5)
24.952018 25.560000 C:(3,5,7)
25.560000 26.772063 D:(3,5)
26.772063 27.988027 G:(3,5)
27.988027 29.184036 F#:(b3,5,b7)
29.184036 31.056054 E:(b3,5,b7)
31.056054 33.468027 G:(3,5,7)
33.468027 35.244082 E:(b3,5,b7)
35.244082 36.368073 A:(b3,5,b7)
36.368073 37.970068 G:(3,5)
37.970068 41.260045 D:(3,5,b7)
41.260045 42.468027 C:(3,5)
42.468027 43.088073 C:(3,5,7)
43.088073 44.276009 D:(3,5,b7)
44.276009 45.492063 G:(3,5)
45.492063 46.696054 G:(3,5,7)
46.696054 48.476009 E:(b3,5,b7)
48.476009 49.668027 G:(3,5)
49.668027 52.672018 E:(b3,5,b7)
52.672018 53.848073 A:(b3,5,b7)
53.848073 55.016054 G:(3,5)
55.016054 59.816054 D:(3,5,b7)
59.816054 61.612063 D:(3,5)
61.612063 62.824036 G:(3,5)
62.824036 63.714014 A:(3,5)
63.714014 65.788027 D:(3,5)
65.788027 67.544036 G:(3,5)
67.544036 68.414059 A:(3,5)
68.414059 70.472018 D:(3,5)
70.472018 72.220045 G:(3,5)
72.220045 73.368073 B:(3,5,b7)
73.368073 74.544036 E:(b3,5)
74.544036 75.704036 G:(3,5,7)
75.704036 76.888073 C:(3,5)
76.888073 78.040091 D:(3,5)
78.040091 80.428027 G:(3,5)
80.428027 81.608073 G:(3,5,7)
81.608073 83.380045 E:(b3,5,b7)
83.380045 85.676009 G:(3,5,7)
85.676009 87.436009 E:(b3,5,b7)
87.436009 89.740045 A:(b3,5,b7)
89.740045 93.188027 D:(3,5,b7)
93.188027 94.328073 C:(3,5)
94.328073 94.912018 C:(3,5,7)
94.912018 96.040000 D:(3,5)
96.040000 97.184036 G:(3,5)
97.184036 98.054059 A:(3,5,b7)
98.054059 100.140045 D:(3,5)
100.140045 101.848073 G:(3,5)
101.848073 102.722086 A:(3,5)
102.722086 104.100045 D:(3,5)
104.100045 104.954014 D:(3,5,b7)
104.954014 106.460045 G:(3,5)
106.460045 107.576054 B:(3,5,b7)
107.576054 108.994014 E:(b3,5)
108.994014 109.860045 D:(3,5)
109.860045 111.028027 C:(3,5)
111.028027 112.180045 D:(3,5)
112.180045 114.528073 G:(3,5)
114.528073 115.382041 G:(3,5,7)
115.382041 121.436009 E:(b3,5,b7)
121.436009 122.580045 A:(b3,5,b7)
122.580045 123.708027 G:(3,5)
123.708027 128.888073 D:(3,5,b7)
128.888073 130.044082 D:(3,5)
130.044082 131.212063 G:(3,5)
131.212063 134.112018 D:(3,5)
134.112018 135.824036 G:(3,5)
135.824036 138.834014 D:(3,5)
138.834014 140.372063 G:(3,5)
140.372063 141.228027 B:(3,5,b7)
141.228027 142.652063 E:(b3,5)
142.652063 143.476009 E:(b3,5,b7)
143.476009 144.912018 C:(3,5)
144.912018 146.036009 D:(3,5)
146.036009 148.852063 G:(3,5)
148.852063 151.688073 D:(3,5,b7)
151.688073 152.924082 G:(3,5)
152.924082 155.212063 D:(3,5)
155.212063 156.308027 D:(3,5,b7)
156.308027 157.480000 G:(3,5)
157.480000 158.608073 B:(3,5,b7)
158.608073 159.732063 E:(b3,5)
159.732063 160.876009 G:(3,5)
160.876009 161.984036 C:(3,5)
161.984036 163.156009 D:(3,5)
163.156009 198.696054 G:(3,5)
198.696054 201.454059 G:(3,5,7)
201.454059 203.470023 G:(3,5)
203.470023 207.204082 G:(3,5,7)
207.204082 228.298594 G:(3,5)
