0.000000 0.388027 N
0.388027 1.724082 F:(3,5)
1.724082 3.860045 C:(3,5,b7)
3.860045 5.422041 F:(3,5)
5.422041 7.322086 A#:(3,5)
7.322086 9.496054 G:(3,5)
9.496054 10.384036 C:(3,5)
10.384036 10.822041 A#:(3,5)
10.822041 12.438005 F:(3,5)
12.438005 14.064036 A#:(3,5)
14.064036 16.436009 G:(3,5)
16.436009 17.780045 C:(3,5)
17.780045 23.024036 F:(3,5)
23.024036 24.340045 A#:(b3,5)
24.340045 25.236009 F:(3,5)
25.236009 27.004082 F:(3,5,b7)
27.004082 28.392018 A#:(b3,5)
28.392018 30.090068 F:(3,5)
30.090068 31.834014 C:(3,5)
31.834014 33.600000 F:(3,5)
33.600000 34.896054 A#:(3,5,b7)
34.896054 37.564082 G:(3,5,b7)
37.564082 40.618050 C:(3,5,b7)
40.618050 42.384036 A#:(3,5,b7)
42.384036 44.126077 G:(3,5,b7)
44.126077 45.882086 C:(3,5)
45.882086 47.216054 F:(3,5)
47.216054 49.400091 F:(3,5,b7)
49.400091 51.170068 A#:(3,5)
51.170068 52.504036 A#:(b3,5)
52.504036 54.524082 F:(3,5)
54.524082 56.492063 A#:(b3,5)
56.492063 58.276009 F:(3,5)
58.276009 59.586032 Ab:(3,5)
59.586032 61.596009 F:(3,5)
61.596009 63.360000 Ab:(3,5)
63.360000 65.112018 F:(3,5)
65.112018 66.864036 A#:(3,5)
66.864036 67.304036 C:(3,5)
67.304036 69.160000 G:(b3,5)
69.160000 70.560000 G:(3,5,b7)
70.560000 72.376054 C:(3,5,b7)
72.376054 73.950023 F:(3,5,b7)
73.950023 75.814059 A#:(3,5,b7)
75.814059 77.580045 G:(3,5,b7)
77.580045 79.398005 C:(3,5,b7)
79.398005 80.932063 F:(3,5)
80.932063 82.684082 A#:(3,5)
82.684082 84.880000 G:(3,5,b7)
84.880000 86.592018 C:(3,5,b7)
86.592018 95.832018 F:(3,5,b7)
95.832018 97.134059 A#:(b3,5)
97.134059 98.932063 F:(3,5)
98.932063 100.392018 Ab:(3,5)
100.392018 102.236009 F:(3,5)
102.236009 104.016054 Ab:(3,5)
104.016054 105.780045 F:(3,5)
105.780045 107.508027 A#:(3,5)
107.508027 111.268027 G:(b3,5)
111.268027 112.984036 C:(3,5,b7)
112.984036 113.872018 F:(3,5)
113.872018 114.758005 F:(3,5,b7)
114.758005 116.308027 A#:(3,5,b7)
116.308027 118.532063 G:(3,5,b7)
118.532063 121.824036 C:(3,5,b7)
121.824036 123.612063 A#:(3,5,b7)
123.612063 125.824036 G:(3,5,b7)
125.824036 127.300045 C:(3,5)
127.300045 130.960000 F:(3,5)
130.960000 132.746032 A#:(3,5)
132.746032 134.244082 A#:(b3,5)
134.244082 134.704036 F:(3,5)
134.704036 136.096054 F:(3,5,b7)
136.096054 137.908027 A#:(b3,5)
137.908027 139.704036 F:(3,5)
139.704036 141.504036 Ab:(3,5)
141.504036 143.392018 F:(3,5)
143.392018 145.532063 Ab:(3,5)
145.532063 148.372063 F:(3,5)
148.372063 152.555102 N
