0.000000 0.670023 N
0.670023 3.446077 D:(3,5)
3.446077 6.368073 F:(3,5)
6.368073 9.018050 G:(3,5,b7)
9.018050 11.962086 A:(3,5,b7)
11.962086 13.304036 D:(3,5)
13.304036 14.630023 C:(3,5)
14.630023 16.204082 G:(3,5)
16.204082 17.572063 A:(3,5)
17.572063 18.612063 D:(3,5)
18.612063 18.888073 D:(b3,5)
18.888073 20.196009 C:(3,5)
20.196009 21.784036 G:(3,5)
21.784036 23.282086 A:(3,5)
23.282086 24.580045 B:(b3,5)
24.580045 26.116009 G:(b3,5)
26.116009 27.404082 B:(b3,5)
27.404082 28.930068 G:(b3,5)
28.930068 29.188027 D:(b3,5)
29.188027 30.120000 D:(3,5)
30.120000 31.080000 G:(3,5)
31.080000 33.100045 D:(3,5)
33.100045 34.028027 F:(3,5)
34.028027 34.512018 G:(3,5)
34.512018 35.460045 D:(3,5)
35.460045 35.968073 D:(b3,5)
35.968073 37.252063 C:(3,5)
37.252063 38.824036 G:(3,5)
38.824036 40.240000 A:(3,5)
40.240000 41.012063 D:(3,5)
41.012063 41.500045 D:(b3,5)
41.500045 43.028027 C:(3,5)
43.028027 44.498050 G:(3,5)
44.498050 45.820045 A:(3,5)
45.820045 47.306032 B:(b3,5)
47.306032 48.664036 G:(b3,5)
48.664036 50.216054 B:(b3,5)
50.216054 51.624036 G:(b3,5)
51.624036 53.032018 D:(3,5)
53.032018 54.450068 G:(3,5,7)
54.450068 57.392018 D:(3,5)
57.392018 58.408073 A:(b3,5)
58.408073 60.082086 D:(3,5,b7)
60.082086 61.360000 G:(3,5)
61.360000 62.756009 G:(3,5,7)
62.756009 64.212063 B:(b3,5)
64.212063 65.658050 E:(3,5)
65.658050 68.116009 A:(3,5)
68.116009 69.732063 D:(3,5)
69.732063 71.080000 C:(3,5)
71.080000 72.624036 G:(3,5)
72.624036 74.000000 A:(3,5)
74.000000 75.116009 D:(3,5)
75.116009 76.788027 C:(3,5)
76.788027 78.216054 G:(3,5)
78.216054 79.730068 A:(3,5)
79.730068 81.096054 B:(b3,5)
81.096054 82.652063 G:(b3,5)
82.652063 83.960091 B:(b3,5)
83.960091 85.446077 G:(b3,5)
85.446077 86.612063 D:(3,5)
86.612063 88.286077 G:(3,5)
88.286077 89.604082 D:(3,5)
89.604082 90.620045 F:(3,5)
90.620045 90.970068 G:(3,5)
90.970068 91.880000 D:(3,5)
91.880000 92.400091 D:(3,5,b7)
92.400091 93.204082 C:(3,5)
93.204082 95.220045 G:(3,5,b7)
95.220045 96.284082 A:(3,#5)
96.284082 97.248073 D:(3,5)
97.248073 98.064036 D:(3,5,b7)
98.064036 98.860045 C:(3,5)
98.860045 100.904036 G:(3,5,b7)
100.904036 102.000000 A:(3,#5)
102.000000 102.286077 D:(3,5)
102.286077 103.918005 B:(b3,5)
103.918005 105.260045 G:(b3,5)
105.260045 106.502041 B:(b3,5)
106.502041 108.068027 G:(b3,5)
108.068027 109.244082 D:(3,5)
109.244082 110.894059 G:(3,5)
110.894059 113.620045 D:(3,5)
113.620045 113.878005 A:(3,5)
113.878005 114.946032 A:(b3,5)
114.946032 116.518005 D:(3,5,b7)
116.518005 119.318005 G:(3,5)
119.318005 120.608073 B:(b3,5)
120.608073 122.058050 E:(3,5)
122.058050 124.888073 A:(3,5,b7)
124.888073 125.672018 D:(3,5)
125.672018 126.162086 D:(b3,5)
126.162086 127.644082 C:(3,5)
127.644082 128.984036 G:(3,5)
128.984036 130.346032 A:(3,5)
130.346032 131.374059 D:(3,5)
131.374059 131.864036 D:(b3,5)
131.864036 133.028027 C:(3,5)
133.028027 134.640000 G:(3,5)
134.640000 136.180045 A:(3,5)
136.180045 137.584036 B:(b3,5)
137.584036 139.020045 G:(b3,5)
139.020045 140.284082 B:(b3,5)
140.284082 141.858050 G:(b3,5)
141.858050 143.052063 D:(3,5)
143.052063 144.720000 G:(3,5,7)
144.720000 146.152018 D:(3,5)
146.152018 147.576054 F:(3,5)
147.576054 150.988027 D:(3,5)
150.988027 152.348027 D:(b3,b5)
152.348027 156.688254 N
