0.000000 0.716009 N
0.716009 3.824036 C:(3,5)
3.824036 5.812063 F:(b3,5)
5.812063 8.612063 G:(3,5,b7)
8.612063 10.776054 E:(3,5,b7)
10.776054 12.604082 G:(3,5,b7)
12.604082 13.536054 A:(b3,5)
13.536054 16.736054 D:(b3,5)
16.736054 20.500045 C:(3,5,7)
20.500045 20.964082 C:(3,5)
20.964082 22.128073 A:(b3,5)
22.128073 26.496054 C:(3,5,7)
26.496054 28.680000 C:(b3,5)
28.680000 30.164082 F:(b3,5)
30.164082 31.600000 A#:(3,5)
31.600000 33.780045 D#:(3,5)
33.780045 35.456054 Ab:(3,5)
35.456054 37.724082 C#:(3,5)
37.724082 39.728073 G:(3,5)
39.728073 40.840091 C:(b3,5)
40.840091 41.492063 D#:(3,5)
41.492063 42.464036 C:(3,5)
42.464036 43.680000 G:(b3,5)
43.680000 44.700045 F:(3,5)
44.700045 45.624036 Ab:(3,5)
45.624036 46.764082 A#:(3,5)
46.764082 47.716009 F:(3,5)
47.716009 49.572063 D#:(3,5)
49.572063 51.560000 Ab:(3,5)
51.560000 52.340045 C#:(3,5)
52.340045 52.620045 D#:(3,5)
52.620045 53.568073 F:(b3,5)
53.568073 55.544036 G:(3,5)
55.544036 56.584036 C:(3,5)
56.584036 57.052063 D#:(3,5)
57.052063 57.744036 G:(3,5)
57.744036 57.980045 C:(b3,5)
57.980045 58.492063 Ab:(3,5)
58.492063 59.000000 G:(3,5)
59.000000 59.464036 F:(b3,5)
59.464036 61.416054 D#:(3,5)
61.416054 63.132063 C#:(3,5)
63.132063 65.364082 C:(b3,5)
65.364082 66.340045 C#:(3,5)
66.340045 66.840000 F:(3,5)
66.840000 67.344036 C#:(3,5)
67.344036 69.320000 C:(b3,5)
69.320000 71.216054 G:(3,5)
71.216054 72.280000 C:(3,5)
72.280000 72.744036 D#:(3,5)
72.744036 73.724082 C:(b3,5)
73.724082 74.232018 Ab:(3,5)
74.232018 74.720000 G:(3,5)
74.720000 77.204082 D#:(3,5)
77.204082 79.152018 C#:(3,5)
79.152018 79.852063 C:(3,5)
79.852063 80.548027 G:(b3,5)
80.548027 81.196009 C:(3,5)
81.196009 81.424036 C#:(b3,b5,b7)
81.424036 83.008073 C#:(3,5)
83.008073 85.040091 C:(b3,5)
85.040091 86.756009 G:(3,5)
86.756009 88.492063 C:(3,5)
88.492063 89.008073 C:(b3,5)
89.008073 90.952018 C:(3,5)
90.952018 92.880000 D:(b3,5)
92.880000 94.896054 G:(3,5,b7)
94.896054 96.844082 C:(3,5)
96.844082 97.336054 D:(b3,5)
97.336054 98.848073 E:(3,5)
98.848073 99.316009 D:(3,5)
99.316009 100.520000 D:(b3,5,b7)
100.520000 100.784036 D#:(3,5)
100.784036 102.736054 G:(3,5)
102.736054 106.652063 C:(3,5)
106.652063 107.120000 C:(3,5,7)
107.120000 108.136054 F:(3,5)
108.136054 108.644082 D:(b3,5)
108.644082 110.576054 G:(3,5)
110.576054 112.564082 C:(3,5)
112.564082 114.600000 A:(3,5)
114.600000 116.516009 D:(b3,5)
116.516009 118.472018 G:(3,5)
118.472018 118.996009 C:(3,5)
118.996009 120.204082 C:(b3,5)
120.204082 122.392018 F:(b3,5)
122.392018 124.112018 A#:(3,5)
124.112018 126.428027 D#:(3,5)
126.428027 128.392018 Ab:(3,5)
128.392018 130.288073 C#:(3,5)
130.288073 131.236009 C:(3,5)
131.236009 132.236009 C:(3,5,7)
132.236009 133.256054 C:(3,5)
133.256054 133.696054 D#:(3,5)
133.696054 134.228027 G:(3,5)
134.228027 137.668027 C:(b3,5)
137.668027 140.128073 C:(3,5,b7)
140.128073 141.112018 F:(3,5)
141.112018 142.076009 F:(b3,5)
142.076009 144.024036 A#:(3,5)
144.024036 146.120000 D#:(3,5)
146.120000 147.932063 Ab:(3,5)
147.932063 149.792018 C#:(3,5)
149.792018 149.988027 C:(3,5)
149.988027 151.776054 G:(3,5)
151.776054 152.904036 C:(3,5)
152.904036 153.376054 D#:(3,5)
153.376054 153.872018 G:(3,5)
153.872018 154.672018 C:(3,5)
154.672018 155.872018 C:(b3,5)
155.872018 156.732063 F:(b3,5)
156.732063 157.660045 Ab:(3,5)
157.660045 159.864036 A#:(3,5)
159.864036 161.724082 D#:(3,5)
161.724082 162.416054 Ab:(3,5)
162.416054 163.768073 D#:(3,5,b7)
163.768073 165.420045 C#:(3,5)
165.420045 165.676009 F:(3,5)
165.676009 167.648073 G:(3,5)
167.648073 169.648073 C:(b3,5)
169.648073 171.576054 C:(3,5)
171.576054 173.588027 D:(b3,5)
173.588027 175.524082 G:(3,5,b7)
175.524082 177.476009 C:(3,5)
177.476009 179.204082 A:(3,5,b7)
179.204082 181.420045 D:(b3,5)
181.420045 183.396009 G:(3,5)
183.396009 187.404082 C:(3,5)
187.404082 189.312018 D:(b3,5)
189.312018 191.268027 G:(3,5,b7)
191.268027 193.264036 C:(3,5)
193.264036 195.484082 A:(3,5)
195.484082 197.212063 D:(b3,5)
197.212063 199.112018 G:(3,5)
199.112018 203.324082 C:(3,5)
203.324082 205.052063 D:(b3,5)
205.052063 207.012063 G:(3,5,b7)
207.012063 208.260045 F:(3,5,7)
208.260045 209.044082 C:(3,5)
209.044082 210.952018 A:(3,5,b7)
210.952018 211.424036 D:(3,5)
211.424036 212.888073 D:(b3,5)
212.888073 213.648073 G:(3,5)
213.648073 214.384036 C:(3,5)
214.384036 216.312018 C:(3,5,7)
216.312018 219.016054 C:(3,5)
219.016054 220.844082 D:(b3,5)
220.844082 222.708027 G:(3,5)
222.708027 224.712018 C:(3,5)
224.712018 226.640000 A:(3,5,b7)
226.640000 228.604082 D:(b3,5)
228.604082 229.388027 G:(3,5)
229.388027 229.852063 C:(3,5)
229.852063 232.112018 C:(3,5,7)
232.112018 234.496054 C:(3,5)
234.496054 236.588027 D:(b3,5)
236.588027 238.492063 G:(3,5)
238.492063 240.476009 C:(3,5)
240.476009 242.440000 A:(3,5)
242.440000 244.388027 D:(b3,5)
244.388027 246.296054 G:(3,5)
246.296054 248.328073 C:(3,5)
248.328073 249.264036 D:(b3,5,b7)
249.264036 249.956009 G:(3,5)
249.956009 250.752018 C:(3,5,7)
250.752018 251.724082 C:(3,5,b7)
251.724082 258.040000 C:(3,5,7)
258.040000 258.508027 C:(3,5,b7)
258.508027 266.193560 C:(3,5,7)
