0.000000 0.068027 N
0.068027 6.856054 E:(3,5,b7)
6.856054 9.448073 C#:(b3,5)
9.448073 12.340045 E:(3,#5,b7)
12.340045 14.848073 G:(3,5,b7)
14.848073 15.176054 E:(3,#5,b7)
15.176054 18.740045 E:(3,5,b7)
18.740045 32.320000 E:(3,5)
32.320000 35.336054 G:(3,5)
35.336054 37.640000 A:(3,5)
37.640000 40.892063 E:(3,5)
40.892063 43.760000 A:(3,5)
43.760000 46.644082 E:(3,5)
46.644082 48.456054 A:(3,5)
48.456054 69.508027 E:(3,5)
69.508027 72.164082 G:(3,5)
72.164082 74.820045 A:(3,5)
74.820045 78.052063 E:(3,5)
78.052063 80.928073 A:(3,5)
80.928073 83.844082 E:(3,5)
83.844082 87.020045 A:(3,5)
87.020045 94.772063 E:(3,5,b7)
94.772063 97.968073 A:(3,5)
97.968073 100.848073 E:(3,5)
100.848073 103.808073 A:(3,5)
103.808073 106.668027 E:(3,5)
106.668027 113.892063 E:(3,5,b7)
113.892063 115.284082 E:(3,5)
115.284082 117.808073 G:(3,5)
117.808073 121.084082 E:(3,5)
121.084082 127.936054 E:(3,5,b7)
127.936054 132.856054 E:(3,5)
132.856054 135.552018 G:(3,5)
135.552018 137.660045 A:(3,5)
137.660045 141.312018 E:(3,5)
141.312018 143.100045 A:(3,5)
143.100045 147.056054 E:(3,5,b7)
147.056054 149.576054 A:(3,5)
149.576054 164.812063 E:(3,5,b7)
164.812063 165.976054 E:(3,5)
165.976054 166.708027 A:(3,5)
166.708027 169.096054 E:(3,5)
169.096054 177.300045 E:(3,5,b7)
177.300045 189.308027 E:(3,5)
189.308027 258.560000 E:(3,5,b7)
258.560000 261.588027 F:(3,5,7)
261.588027 265.444082 F:(3,5,b7)
265.444082 269.676553 N
