0.000000 1.932063 N
1.932063 6.020045 E:(3,5)
6.020045 6.668027 B:(3,5)
6.668027 7.948027 C#:(b3,5)
7.948027 9.216054 A:(3,5)
9.216054 10.504036 B:(3,5)
10.504036 13.164082 E:(3,5)
13.164082 15.664036 C#:(b3,5)
15.664036 18.324082 A:(3,5)
18.324082 20.924082 B:(3,5)
20.924082 23.660045 E:(3,5)
23.660045 25.984036 C#:(b3,5)
25.984036 28.840000 A:(3,5)
28.840000 31.508027 B:(3,5)
31.508027 36.156009 C#:(b3,5)
36.156009 36.816054 B:(3,5)
36.816054 39.448073 A:(3,5)
39.448073 42.040000 B:(3,5)
42.040000 44.612063 E:(3,5)
44.612063 47.212063 C#:(b3,5)
47.212063 48.532063 A:(3,5)
48.532063 49.860045 B:(3,5)
49.860045 55.052063 E:(3,5)
55.052063 57.416054 C#:(b3,5)
57.416054 60.352018 A:(3,5)
60.352018 62.956009 B:(3,5)
62.956009 64.936054 E:(3,5)
64.936054 65.548027 E:(3,5,7)
65.548027 68.040091 C#:(b3,5)
68.040091 70.796009 A:(3,5,7)
70.796009 73.356009 B:(3,5)
73.356009 77.980045 C#:(b3,5)
77.980045 78.652063 B:(3,5)
78.652063 81.216054 A:(3,5)
81.216054 83.192018 B:(3,5)
83.192018 83.804082 N
83.804082 86.400091 E:(3,5)
86.400091 88.352018 C#:(b3,5)
88.352018 88.984036 B:(3,5)
88.984036 90.160000 A:(3,5)
90.160000 91.516009 B:(3,5)
91.516009 94.200000 E:(3,5)
94.200000 96.648073 A:(3,5)
96.648073 99.232018 F#:(b3,5)
99.232018 101.952018 D:(3,5)
101.952018 104.508027 E:(3,5)
104.508027 107.116009 A:(3,5)
107.116009 109.552018 F#:(b3,5)
109.552018 110.916009 D:(3,5)
110.916009 112.204082 E:(3,5)
112.204082 113.464036 A:(3,5)
113.464036 114.720000 B:(3,5)
114.720000 117.360000 E:(3,5)
117.360000 119.656054 C#:(b3,5)
119.656054 119.972063 B:(3,5)
119.972063 122.580045 A:(3,5)
122.580045 125.224036 B:(3,5)
125.224036 126.836009 E:(3,5)
126.836009 127.780045 E:(3,5,7)
127.780045 130.384036 C#:(b3,5)
130.384036 132.984036 A:(3,5)
132.984036 135.580045 B:(3,5)
135.580045 140.176054 C#:(b3,5)
140.176054 140.804082 B:(3,5)
140.804082 143.476009 A:(3,5)
143.476009 146.024036 B:(3,5)
146.024036 147.964082 E:(3,5)
147.964082 150.540045 C#:(b3,5)
150.540045 151.184036 B:(3,5)
151.184036 152.488073 A:(3,5)
152.488073 153.772063 B:(3,5)
153.772063 155.656054 C#:(b3,5)
155.656054 156.284082 B:(3,5)
156.284082 157.592018 A:(3,5)
157.592018 158.920000 B:(3,5)
158.920000 161.368073 C#:(b3,5)
161.368073 162.668027 A:(3,5)
162.668027 163.952018 B:(3,5)
163.952018 165.584036 E:(3,5)
165.584036 167.300045 E:(3,5,7)
167.300045 167.956009 E:(3,5)
167.956009 171.177506 N
