0.000000 0.388027 N
0.388027 17.628027 A:(b3,5)
17.628027 18.912018 C:(3,5)
18.912018 21.052063 C:(3,5,b7)
21.052063 22.736054 F:(3,5)
22.736054 24.444082 A#:(3,5)
24.444082 47.188027 A:(b3,5)
47.188027 48.392018 C:(3,5)
48.392018 50.540045 C:(3,5,b7)
50.540045 52.390023 F:(3,5)
52.390023 53.992018 A#:(3,5)
53.992018 58.572063 A:(b3,5)
58.572063 62.964082 A:(3,5)
62.964082 64.900045 D:(3,5)
64.900045 66.244082 B:(3,5)
66.244082 67.920000 E:(3,5,b7)
67.920000 69.564082 A:(3,5)
69.564082 71.860045 D:(3,5)
71.860045 73.344036 B:(3,5)
73.344036 74.860045 A#:(3,5)
74.860045 88.824036 A:(b3,5)
88.824036 90.020045 C:(3,5)
90.020045 92.286077 C:(3,5,b7)
92.286077 94.290068 F:(3,5)
94.290068 95.888073 A#:(3,5)
95.888073 100.508027 A:(b3,5)
100.508027 104.536054 A:(3,5)
104.536054 106.692063 D:(3,5)
106.692063 108.390023 B:(3,5)
108.390023 110.126077 E:(3,5,b7)
110.126077 111.584036 A:(3,5)
111.584036 113.440000 D:(3,5)
113.440000 115.112018 B:(3,5)
115.112018 116.418050 A#:(3,5)
116.418050 131.072018 A:(b3,5)
131.072018 132.528073 C:(3,5)
132.528073 134.180045 C:(3,5,b7)
134.180045 136.130068 F:(3,5)
136.130068 137.776054 A#:(3,5)
137.776054 153.268027 A:(b3,5)
153.268027 158.824490 N
