0.000000 0.556009 N
0.556009 2.676009 D:(3,5)
2.676009 5.736054 G:(3,5)
5.736054 8.096054 D:(3,5)
8.096054 10.008073 G:(3,5)
10.008073 10.692063 A:(3,5)
10.692063 13.876009 D:(3,5)
13.876009 15.860045 G:(3,5)
15.860045 16.936054 F:(3,5)
16.936054 21.296054 D:(3,5)
21.296054 21.668027 G:(3,5)
21.668027 22.008073 F:(3,5)
22.008073 32.212063 D:(3,5)
32.212063 32.576054 G:(3,5)
32.576054 32.904036 C:(3,5)
32.904036 35.924082 D:(3,5)
35.924082 38.236009 A:(3,5)
38.236009 41.588027 D:(3,5)
41.588027 43.268027 G:(3,5)
43.268027 43.632018 F:(3,5)
43.632018 44.308027 D:(b3,5)
44.308027 44.976054 D:(3,5)
44.976054 46.356009 A:(3,5)
46.356009 48.452063 D:(3,5)
48.452063 48.808073 G:(3,5)
48.808073 49.160000 F:(3,5)
49.160000 53.928073 D:(3,5)
53.928073 55.292063 D:(3,5,b7)
55.292063 62.480000 D:(3,5)
62.480000 62.768073 C:(3,5)
62.768073 63.100045 B:(b3,5)
63.100045 65.120000 A:(3,5)
65.120000 68.480000 D:(3,5)
68.480000 70.468027 G:(3,5)
70.468027 70.816054 F:(3,5)
70.816054 72.492063 D:(3,5)
72.492063 73.164082 A:(3,5)
73.164082 79.356009 D:(3,5)
79.356009 80.344036 C:(3,5)
80.344036 81.736054 G:(3,5)
81.736054 84.616054 D:(3,5)
84.616054 85.652063 C:(3,5)
85.652063 87.052063 A:(3,5)
87.052063 90.064036 D:(3,5)
90.064036 92.088073 G:(3,5)
92.088073 92.484082 F:(3,5)
92.484082 94.196009 D:(3,5)
94.196009 95.164082 A:(3,5)
95.164082 96.956009 D:(3,5)
96.956009 97.580045 G:(3,5)
97.580045 97.932063 F:(3,5)
97.932063 98.308027 D:(b3,5)
98.308027 99.632018 D:(3,5)
99.632018 100.328073 A:(3,5)
100.328073 103.784036 D:(3,5)
103.784036 105.408073 G:(3,5)
105.408073 106.664036 D:(3,5)
106.664036 107.676009 A:(3,5)
107.676009 109.348027 D:(3,5)
109.348027 110.748027 G:(3,5)
110.748027 112.144036 D:(3,5)
112.144036 113.152018 A:(3,5)
113.152018 115.504036 G:(3,5)
115.504036 124.544036 D:(3,5)
124.544036 126.956009 A:(3,5)
126.956009 130.064036 D:(3,5)
130.064036 132.480000 G:(3,5)
132.480000 134.196009 D:(b3,5)
134.196009 134.852063 A:(3,5)
134.852063 141.028027 D:(3,5)
141.028027 142.092063 C:(3,5)
142.092063 143.464036 G:(3,5)
143.464036 146.600000 D:(3,5)
146.600000 147.616054 C:(3,5)
147.616054 149.032018 A:(3,5)
149.032018 152.344036 D:(3,5)
152.344036 154.640000 G:(3,5)
154.640000 156.340045 D:(3,5)
156.340045 157.356009 A:(3,5)
157.356009 158.676009 D:(3,5)
158.676009 160.236009 G:(3,5)
160.236009 184.912018 D:(3,5)
184.912018 189.328073 D:(3,5,b7)
189.328073 204.521361 D:(3,5)
