0.000000 4.812063 Ab:(3,5)
4.812063 5.136054 D#:(3,5)
5.136054 7.404082 C#:(3,5,7)
7.404082 11.544036 C#:(3,5)
11.544036 13.256054 D#:(3,5,b7)
13.256054 15.004082 C#:(3,5,7)
15.004082 16.408073 D#:(3,5)
16.408073 21.804082 Ab:(3,5)
21.804082 22.644082 G:(b3,5)
22.644082 24.336054 F:(b3,5)
24.336054 25.732063 C#:(3,5)
25.732063 27.656054 D#:(3,5)
27.656054 28.504036 Ab:(3,5)
28.504036 29.320000 D#:(3,5)
29.320000 30.992018 F:(b3,5)
30.992018 31.788027 Ab:(3,5)
31.788027 32.624036 A#:(3,5)
32.624036 33.976054 D#:(3,5)
33.976054 35.084082 Ab:(3,5)
35.084082 35.644082 G:(b3,b5)
35.644082 37.540045 E#:(b3,5,b7)
37.540045 39.200091 A#:(3,5,b7)
39.200091 40.564082 D#:(3,5)
40.564082 41.692063 Ab:(3,5)
41.692063 42.236009 A#:(3,5)
42.236009 44.984036 D#:(3,5)
44.984036 45.816054 A#:(3,5,b7)
45.816054 46.644082 D#:(3,5)
46.644082 47.488073 C#:(3,5)
47.488073 51.576054 Ab:(3,5)
51.576054 52.412063 D#:(3,5,b7)
52.412063 53.248073 F:(b3,5)
53.248073 54.636009 C#:(3,5)
54.636009 55.660045 D#:(3,5,b7)
55.660045 57.372063 Ab:(3,5)
57.372063 59.044082 Ab:(3,5,7)
59.044082 60.676009 E#:(b3,5,b7)
60.676009 62.348027 C#:(3,5)
62.348027 63.440000 D#:(3,5)
63.440000 65.652063 Ab:(3,5)
65.652063 66.200000 G:(b3,5)
66.200000 67.216054 F:(b3,5)
67.216054 68.104036 Ab:(3,5)
68.104036 68.936054 A#:(3,5)
68.936054 70.568073 D#:(3,5)
70.568073 72.224036 Ab:(3,5)
72.224036 73.540045 F:(b3,5)
73.540045 75.484082 A#:(3,5,b7)
75.484082 77.136054 D#:(3,5)
77.136054 77.972063 Ab:(3,5)
77.972063 78.784036 A#:(3,5,b7)
78.784036 81.240000 D#:(3,5)
81.240000 82.052063 A#:(3,5,b7)
82.052063 82.868027 D#:(3,5)
82.868027 83.676009 C#:(3,5)
83.676009 87.772063 Ab:(3,5)
87.772063 88.580045 D#:(3,5,b7)
88.580045 89.380045 E#:(b3,5,b7)
89.380045 90.508027 C#:(3,5)
90.508027 91.844082 D#:(3,5)
91.844082 98.164082 Ab:(3,5)
98.164082 105.004082 C#:(3,5)
105.004082 108.336054 Gb:(3,5,7)
108.336054 111.624036 F#:(b3,5)
111.624036 118.008073 A#:(3,5,b7)
118.008073 122.404082 D#:(3,5)
122.404082 124.952018 Ab:(3,5)
124.952018 126.284082 E#:(b3,5,b7)
126.284082 127.408073 Ab:(3,5)
127.408073 128.216054 A#:(3,5,b7)
128.216054 129.564082 D#:(3,5)
129.564082 130.704036 Ab:(3,5)
130.704036 131.228027 G:(b3,b5)
131.228027 133.168073 E#:(b3,5,b7)
133.168073 134.812063 A#:(3,5,b7)
134.812063 135.376054 D#:(3,5)
135.376054 137.284082 Ab:(3,5)
137.284082 138.112018 A#:(3,5,b7)
138.112018 140.608073 D#:(3,5)
140.608073 141.408073 A#:(3,5,b7)
141.408073 142.228027 D#:(3,5)
142.228027 143.052063 C#:(3,5)
143.052063 147.180045 Ab:(3,5)
147.180045 148.020045 G:(b3,b5)
148.020045 148.828027 E#:(b3,5,b7)
148.828027 149.864036 C#:(3,5)
149.864036 151.284082 D#:(3,5)
151.284082 152.952018 Ab:(3,5)
152.952018 156.240000 F:(b3,5)
156.240000 157.872018 C#:(3,5)
157.872018 159.448073 D#:(3,5,b7)
159.448073 160.328073 Ab:(3,5)
160.328073 161.120000 D#:(3,5,b7)
161.120000 162.752018 F:(b3,5)
162.752018 163.568073 Ab:(3,5)
163.568073 164.364082 A#:(3,5,b7)
164.364082 165.692063 D#:(3,5)
165.692063 166.788027 Ab:(3,5)
166.788027 167.608073 G:(b3,b5)
167.608073 169.228027 E#:(b3,5,b7)
169.228027 170.852063 A#:(3,5,b7)
170.852063 172.180045 D#:(3,5,b7)
172.180045 173.276009 Ab:(3,5)
173.276009 173.808073 A#:(3,5)
173.808073 176.516009 D#:(3,5)
176.516009 177.324082 A#:(3,5,b7)
177.324082 178.156009 D#:(3,5,b7)
178.156009 181.880000 C#:(3,5)
181.880000 184.248073 Ab:(3,5)
184.248073 184.776054 C:(b3,5)
184.776054 189.272018 Ab:(3,5,b7)
189.272018 223.508027 Ab:(3,5)
223.508027 224.328073 D#:(3,5)
224.328073 225.144036 E#:(b3,5,b7)
225.144036 226.244082 C#:(3,5,7)
226.244082 236.768073 D#:(3,5,b7)
236.768073 238.648073 Ab:(b3,5)
238.648073 240.680000 Ab:(3,5)
240.680000 241.508027 F:(b3,5)
241.508027 243.980045 E#:(b3,5,b7)
243.980045 245.356009 C#:(3,5,7)
245.356009 247.272018 Ab:(3,5)
247.272018 248.104036 C#:(3,5)
248.104036 250.604082 E#:(b3,5,b7)
250.604082 251.416054 C#:(3,5,7)
251.416054 252.240000 D#:(3,5,b7)
252.240000 255.532063 Ab:(3,5)
255.532063 257.432018 F:(b3,5)
257.432018 258.004082 C#:(3,5)
258.004082 262.128073 Ab:(3,5)
262.128073 263.764082 F:(b3,5)
263.764082 264.604082 C#:(3,5)
264.604082 270.356009 Ab:(3,5)
270.356009 271.172063 C#:(3,5)
271.172063 272.820045 Ab:(3,5)
272.820045 276.400000 F:(b3,5)
276.400000 276.984036 Ab:(3,5)
276.984036 277.760000 C#:(3,5)
277.760000 278.032018 D#:(3,5,b7)
278.032018 281.848073 Ab:(3,5)
281.848073 282.944036 E#:(b3,5,b7)
282.944036 285.260045 A#:(b3,5,b7)
285.260045 287.492063 Ab:(3,5)
287.492063 290.052063 Ab:(3,5,7)
290.052063 297.633379 Ab:(3,5)
