0.000000 0.436009 N
0.436009 10.692063 G:(3,5)
10.692063 19.220045 G:(3,5,b7)
19.220045 33.188027 G:(3,5)
33.188027 34.432018 F:(3,5)
34.432018 35.684082 G:(3,5)
35.684082 38.100045 C:(3,5)
38.100045 41.212063 G:(3,5)
41.212063 43.084082 G:(3,5,b7)
43.084082 44.328073 F:(3,5,7)
44.328073 45.540045 G:(3,5,b7)
45.540045 48.096054 C:(3,5)
48.096054 50.580045 G:(3,5)
50.580045 52.452063 C:(3,5)
52.452063 60.448073 G:(3,5)
60.448073 61.468027 F:(3,5,7)
61.468027 63.008073 G:(3,5,b7)
63.008073 65.464036 C:(3,5)
65.464036 68.256054 G:(3,5)
68.256054 70.032018 G:(3,5,b7)
70.032018 70.344036 F:(3,5)
70.344036 71.612063 F:(3,5,7)
71.612063 72.852063 G:(3,5)
72.852063 75.348027 C:(3,5)
75.348027 82.684082 G:(3,5)
82.684082 85.232018 C:(3,5)
85.232018 86.772063 A#:(3,5)
86.772063 90.224036 C:(3,5)
90.224036 92.624036 G:(3,5)
92.624036 95.084082 C:(3,5)
95.084082 97.588027 G:(3,5)
97.588027 99.448073 C:(3,5)
99.448073 102.512018 G:(3,5)
102.512018 105.072018 C:(3,5)
105.072018 117.372063 G:(3,5,b7)
117.372063 118.624036 F:(3,5,b7)
118.624036 119.984036 G:(3,5,7)
119.984036 122.320000 C:(3,5)
122.320000 127.228027 G:(3,5,b7)
127.228027 128.532063 F:(3,5,b7)
128.532063 129.528073 G:(3,5,b7)
129.528073 132.140045 C:(3,5)
132.140045 138.880000 G:(3,5)
138.880000 144.124082 G:(3,5,b7)
144.124082 146.916009 C:(3,5)
146.916009 149.376054 G:(3,5)
149.376054 151.800091 C:(3,5)
151.800091 153.948027 G:(3,5)
153.948027 156.160000 C:(3,5)
156.160000 159.188027 G:(3,5)
159.188027 161.628027 C:(3,5)
161.628027 164.024036 G:(3,5)
164.024036 166.096054 C:(3,5)
166.096054 167.076009 G:(3,5)
167.076009 168.464036 G:(3,5,7)
168.464036 170.152018 C:(3,5)
170.152018 173.172063 G:(3,5)
173.172063 175.204082 C:(3,5)
175.204082 183.762721 G:(3,5,b7)
