0.000000 0.996009 N
0.996009 2.536054 D:(3,5)
2.536054 4.016054 A:(3,5)
4.016054 7.596009 E:(3,5)
7.596009 9.732063 N
9.732063 12.652063 E:(3,5)
12.652063 13.752018 G:(3,5)
13.752018 15.544036 A:(3,5)
15.544036 18.456054 E:(3,5)
18.456054 19.272018 G:(3,5)
19.272018 21.296054 A:(3,5)
21.296054 24.180045 E:(3,5)
24.180045 25.620045 G:(3,5)
25.620045 27.052063 A:(3,5)
27.052063 29.936054 E:(3,5)
29.936054 31.388027 G:(3,5)
31.388027 32.812063 A:(3,5)
32.812063 34.300045 D:(3,5)
34.300045 35.784036 D:(3,5,b7)
35.784036 37.248073 G:(3,5)
37.248073 38.712018 A#:(3,5)
38.712018 40.188027 D:(3,5)
40.188027 41.608073 A:(3,5)
41.608073 44.424036 E:(3,5)
44.424036 45.672018 G:(3,5)
45.672018 47.144036 A:(3,5)
47.144036 49.968073 E:(3,5)
49.968073 51.328073 G:(3,5)
51.328073 52.824036 A:(3,5)
52.824036 57.156009 E:(3,5)
57.156009 58.560000 A:(3,5)
58.560000 61.416054 E:(3,5)
61.416054 62.492063 G:(3,5)
62.492063 64.300045 A:(3,5)
64.300045 65.784036 D:(3,5)
65.784036 67.228027 D:(3,5,b7)
67.228027 68.716009 G:(3,5)
68.716009 70.200000 A#:(3,5)
70.200000 71.632018 D:(3,5)
71.632018 73.052063 A:(3,5)
73.052063 75.896054 B:(3,5)
75.896054 78.756009 F#:(b3,5,b7)
78.756009 81.568073 B:(3,5)
81.568073 84.048073 F#:(b3,5,b7)
84.048073 84.404082 Ab:(3,5)
84.404082 85.804082 A:(3,5)
85.804082 87.208073 B:(3,5,b7)
87.208073 91.272018 E:(3,5)
91.272018 92.692063 G:(3,5)
92.692063 94.996009 A:(3,5)
94.996009 98.676009 E:(3,5)
98.676009 99.960000 G:(3,5)
99.960000 102.188027 A:(3,5)
102.188027 105.640000 E:(3,5)
105.640000 107.536054 G:(3,5)
107.536054 109.452063 A:(3,5)
109.452063 113.044082 E:(3,5)
113.044082 114.940045 G:(3,5)
114.940045 116.688073 A:(3,5)
116.688073 118.636009 D:(3,5)
118.636009 120.412063 C:(3,5)
120.412063 122.724082 C:(3,5,7)
122.724082 124.712018 A#:(3,5)
124.712018 126.020045 D:(3,5)
126.020045 128.616054 A:(3,5)
128.616054 130.608073 D:(3,5)
130.608073 132.496054 D:(3,5,b7)
132.496054 134.420045 B:(b3,5)
134.420045 136.372063 Bb:(3,#5)
136.372063 138.016054 D:(3,5)
138.016054 140.308027 A:(3,5)
140.308027 146.640000 D:(3,5)
146.640000 165.816054 D:(b3,5,b7)
165.816054 171.827664 N
