0.000000 12.052063 N
12.052063 22.644082 F:(b3,5)
22.644082 23.406077 A#:(3,5)
23.406077 24.136054 F:(3,5)
24.136054 24.612063 F:(b3,5)
24.612063 26.640000 A#:(3,5)
26.640000 30.664036 F:(b3,5)
30.664036 31.432018 A#:(3,5)
31.432018 32.692063 F:(3,5)
32.692063 34.486077 G:(3,5,b7)
34.486077 36.712018 C:(3,5)
36.712018 38.752018 A#:(3,5)
38.752018 40.800000 F:(3,5)
40.800000 42.812063 G:(3,5,b7)
42.812063 44.820045 D:(3,5,b7)
44.820045 46.336054 G:(3,5)
46.336054 47.100045 A#:(3,5)
47.100045 47.864036 C:(3,5)
47.864036 49.146032 G:(3,5)
49.146032 50.964082 C:(3,5)
50.964082 54.508027 G:(3,5)
54.508027 56.044082 C:(3,5)
56.044082 57.300045 G:(3,5)
57.300045 59.136054 A:(3,5)
59.136054 61.076009 D:(3,5)
61.076009 63.112018 C:(3,5)
63.112018 65.184036 G:(3,5)
65.184036 67.192018 A:(3,5)
67.192018 71.252063 C:(3,5)
71.252063 71.976054 G:(3,5)
71.976054 73.400091 G:(b3,5)
73.400091 75.236009 A#:(3,5)
75.236009 77.232018 C:(3,5)
77.232018 78.360000 G:(3,5)
78.360000 78.901406 N
