0.000000 0.392018 N
0.392018 17.916009 G:(3,5)
17.916009 19.628027 C:(3,5)
19.628027 24.936054 G:(3,5)
24.936054 26.244082 C:(3,5)
26.244082 26.648073 G:(3,5)
26.648073 28.448073 G:(3,5,7)
28.448073 29.292063 C:(3,5)
29.292063 39.772063 G:(3,5)
39.772063 41.076009 C:(3,5)
41.076009 42.396009 G:(3,5)
42.396009 43.344036 C:(3,5)
43.344036 45.860045 G:(3,5)
45.860045 47.540045 C:(3,5)
47.540045 49.544036 G:(3,5)
49.544036 50.856054 C:(3,5)
50.856054 53.020045 G:(3,5)
53.020045 54.384036 C:(3,5)
54.384036 56.084082 G:(3,5,7)
56.084082 57.372063 C:(3,5)
57.372063 60.076009 G:(3,5)
60.076009 63.516009 G:(3,5,b7)
63.516009 67.368073 C:(3,5)
67.368073 68.704036 C:(3,5,7)
68.704036 71.268027 D:(3,5,b7)
71.268027 74.788027 G:(3,5)
74.788027 76.496054 C:(3,5,7)
76.496054 81.944036 G:(3,5)
81.944036 82.772063 C:(3,5)
82.772063 83.208073 D:(3,5,b7)
83.208073 88.092063 G:(3,5)
88.092063 89.844082 C:(3,5)
89.844082 91.656054 G:(3,5)
91.656054 92.964082 C:(3,5)
92.964082 95.192018 G:(3,5)
95.192018 96.524082 C:(3,5)
96.524082 98.732063 G:(3,5)
98.732063 99.632018 C:(3,5)
99.632018 100.008073 C:(3,5,7)
100.008073 102.944036 G:(3,5)
102.944036 106.004082 G:(3,5,b7)
106.004082 109.864036 C:(3,5)
109.864036 110.692063 G:(3,5)
110.692063 111.068027 C:(3,5)
111.068027 112.876009 D:(3,5)
112.876009 117.260045 G:(3,5)
117.260045 118.584036 C:(3,5)
118.584036 130.564082 G:(3,5)
130.564082 132.340045 C:(3,5)
132.340045 134.076009 G:(3,5,7)
134.076009 135.840000 C:(3,5)
135.840000 137.596009 G:(3,5)
137.596009 139.380045 C:(3,5)
139.380045 141.116009 G:(3,5,7)
141.116009 142.456054 C:(3,5,7)
142.456054 145.348027 G:(3,5,7)
145.348027 148.416054 G:(3,5,b7)
148.416054 152.168073 C:(3,5)
152.168073 153.884082 G:(3,5,7)
153.884082 155.124082 G:(3,5)
155.124082 159.706848 N
