0.000000 0.348027 N
0.348027 1.752018 Ab:(3,5)
1.752018 2.758005 D#:(3,5)
2.758005 3.796009 Ab:(3,5)
3.796009 8.604082 C#:(3,5,7)
8.604082 10.044082 A#:(b3,5)
10.044082 11.128073 F:(b3,5)
11.128073 12.700045 D#:(3,5)
12.700045 13.460045 Ab:(3,5)
13.460045 13.808073 C#:(3,5)
13.808073 15.560000 A#:(b3,5)
15.560000 16.980045 F:(b3,5)
16.980045 18.236009 D#:(3,5)
18.236009 19.764082 E#:(b3,5,b7)
19.764082 21.172063 A#:(b3,5)
21.172063 21.896054 Ab:(3,5)
21.896054 22.600091 C#:(3,5)
22.600091 23.874014 D#:(3,5)
23.874014 24.968073 Ab:(3,5)
24.968073 26.708027 A#:(b3,5)
26.708027 27.740045 C#:(3,5)
27.740045 28.792018 Ab:(3,5)
28.792018 33.644082 C#:(3,5,7)
33.644082 35.052063 A#:(b3,5)
35.052063 36.052063 F:(b3,5)
36.052063 37.802086 D#:(3,5)
37.802086 38.502041 Ab:(3,5)
38.502041 39.208073 C#:(3,5)
39.208073 40.252063 A#:(b3,5)
40.252063 42.002086 F:(b3,5)
42.002086 43.390023 D#:(3,5)
43.390023 44.894059 E#:(b3,5,b7)
44.894059 45.746032 A#:(b3,5)
45.746032 46.872018 Ab:(3,5)
46.872018 47.564082 C#:(3,5)
47.564082 48.808073 D#:(3,5)
48.808073 49.708027 Ab:(3,5)
49.708027 50.028027 C#:(3,5)
50.028027 51.786032 A#:(b3,5)
51.786032 53.158005 C#:(3,5)
53.158005 55.266032 Ab:(3,5)
55.266032 55.974059 C#:(3,5)
55.974059 58.758005 Ab:(3,5)
58.758005 61.582041 C#:(3,5)
61.582041 64.380045 Ab:(3,5)
64.380045 67.182041 C#:(3,5)
67.182041 69.974059 D#:(3,5)
69.974059 70.676009 Ab:(3,5)
70.676009 72.798005 A#:(b3,5)
72.798005 74.200000 F:(b3,5)
74.200000 75.610068 D#:(3,5)
75.610068 76.308027 Ab:(3,5)
76.308027 77.014059 C#:(3,5)
77.014059 78.426032 A#:(b3,5)
78.426032 79.828027 F:(b3,5)
79.828027 81.128073 D#:(3,5)
81.128073 82.640000 E#:(b3,5,b7)
82.640000 83.734059 A#:(b3,5)
83.734059 84.792018 Ab:(3,5)
84.792018 85.504036 C#:(3,5)
85.504036 86.788027 D#:(3,5)
86.788027 87.568073 Ab:(3,5)
87.568073 88.268027 C#:(3,5)
88.268027 89.672018 A#:(b3,5)
89.672018 90.740045 C#:(3,5)
90.740045 96.708027 Ab:(3,5)
96.708027 99.364082 C#:(3,5,7)
99.364082 102.316009 Ab:(3,5)
102.316009 104.962086 C#:(3,5)
104.962086 107.844082 D#:(3,5)
107.844082 108.476009 Ab:(3,5)
108.476009 109.104036 C#:(3,5,7)
109.104036 110.582041 A#:(b3,5)
110.582041 112.032018 F:(b3,5)
112.032018 113.386032 D#:(3,5)
113.386032 114.144036 Ab:(3,5)
114.144036 114.842086 C#:(3,5)
114.842086 116.230023 A#:(b3,5)
116.230023 117.620045 F:(b3,5)
117.620045 119.126077 D#:(3,5)
119.126077 120.448073 E#:(b3,5,b7)
120.448073 121.530068 A#:(b3,5)
121.530068 123.272018 Ab:(3,5)
123.272018 124.570068 D#:(3,5)
124.570068 125.688073 Ab:(3,5)
125.688073 127.492063 A#:(b3,5)
127.492063 128.720000 C#:(3,5)
128.720000 139.380045 Ab:(3,5)
139.380045 140.056054 C#:(3,5)
140.056054 143.600000 Ab:(3,5)
143.600000 147.818231 N
