0.000000 0.348027 N
0.348027 2.904036 D#:(b3,5)
2.904036 4.996009 Ab:(b3,5)
4.996009 6.300045 F#:(3,5)
6.300045 7.190023 B:(3,5)
7.190023 8.672018 F#:(3,5)
8.672018 9.788027 A#:(3,5,b7)
9.788027 12.068027 D#:(b3,5)
12.068027 14.200000 Ab:(b3,5)
14.200000 15.666032 F#:(3,5)
15.666032 16.552018 B:(3,5)
16.552018 17.978050 F#:(3,5)
17.978050 20.916009 B:(3,5)
20.916009 23.836009 F#:(3,5)
23.836009 26.048073 Ab:(b3,5)
26.048073 27.520000 A#:(b3,5)
27.520000 30.568073 Ab:(b3,5)
30.568073 34.432018 B:(3,5,7)
34.432018 35.088073 F#:(3,5)
35.088073 37.580045 D#:(b3,5)
37.580045 39.924082 Ab:(b3,5)
39.924082 41.122086 F#:(3,5)
41.122086 42.008073 B:(3,5)
42.008073 43.444082 F#:(3,5)
43.444082 44.512018 A#:(3,5)
44.512018 46.252063 D#:(b3,5)
46.252063 48.972063 Ab:(b3,5)
48.972063 50.184036 F#:(3,5)
50.184036 51.284082 B:(3,5)
51.284082 52.408073 F#:(3,5)
52.408073 55.964082 B:(3,5)
55.964082 58.480000 F#:(3,5)
58.480000 60.476009 Ab:(b3,5)
60.476009 62.288073 A#:(b3,5)
62.288073 65.320000 Ab:(b3,5,b7)
65.320000 67.080000 B:(3,5,7)
67.080000 68.216054 B:(3,5)
68.216054 68.660045 F#:(3,5)
68.660045 74.452063 D#:(b3,5)
74.452063 76.828027 C#:(b3,5,b7)
76.828027 79.116009 D#:(3,5,b7)
79.116009 81.408073 Ab:(b3,5)
81.408073 83.476009 C#:(3,5,b7)
83.476009 86.268027 D#:(3,5)
86.268027 88.392018 Ab:(b3,5)
88.392018 89.848073 F#:(3,5)
89.848073 90.704036 B:(3,5)
90.704036 92.138050 F#:(3,5)
92.138050 93.028027 A#:(3,5,b7)
93.028027 95.722086 D#:(b3,5)
95.722086 97.856054 Ab:(b3,5)
97.856054 99.048073 F#:(3,5)
99.048073 100.064036 B:(3,5,7)
100.064036 101.302041 F#:(3,5)
101.302041 101.890068 B:(3,5,7)
101.890068 104.704036 B:(3,5)
104.704036 107.316009 F#:(3,5)
107.316009 109.336054 Ab:(b3,5)
109.336054 111.296054 A#:(b3,5)
111.296054 114.200000 Ab:(b3,5,b7)
114.200000 118.076009 B:(3,5,7)
118.076009 118.724082 F#:(3,5)
118.724082 123.504036 D#:(b3,5)
123.504036 124.814059 C#:(3,5,b7)
124.814059 125.672018 C#:(b3,5)
125.672018 128.052063 D#:(3,5,b7)
128.052063 130.416054 Ab:(b3,5)
130.416054 132.688073 C#:(3,5,b7)
132.688073 135.384036 D#:(3,5)
135.384036 137.360091 Ab:(b3,5)
137.360091 138.524082 F#:(3,5)
138.524082 139.860045 B:(3,5)
139.860045 141.052063 F#:(3,5)
141.052063 144.524082 D#:(b3,5)
144.524082 146.824036 Ab:(b3,5)
146.824036 147.872018 F#:(3,5)
147.872018 148.968073 B:(3,5)
148.968073 150.470023 F#:(3,5)
150.470023 152.696054 B:(3,5)
152.696054 153.840000 Ab:(b3,5)
153.840000 156.336054 F#:(3,5)
156.336054 158.380045 Ab:(b3,5)
158.380045 160.104036 A#:(b3,5)
160.104036 163.216054 Ab:(b3,5)
163.216054 165.872018 B:(3,5,7)
165.872018 176.500045 D#:(b3,5)
176.500045 181.672925 N
