0.000000 0.212063 N
0.212063 5.144036 G:(b3,5,b7)
5.144036 6.896054 F:(3,5)
6.896054 10.048073 C:(3,5)
10.048073 11.728073 A#:(3,5)
11.728073 13.392018 A:(b3,5)
13.392018 15.228027 G:(b3,5)
15.228027 16.714014 F:(3,5)
16.714014 18.416054 A#:(3,5)
18.416054 20.132063 F:(3,5)
20.132063 23.564082 C:(3,5)
23.564082 26.992018 G:(b3,5)
26.992018 29.942041 F:(3,5)
29.942041 33.736054 G:(b3,5)
33.736054 35.130068 F:(3,5)
35.130068 38.144036 C:(3,5)
38.144036 40.660045 C:(3,5,b7)
40.660045 42.000000 C:(b3,5,b7)
42.000000 43.704036 A#:(3,5)
43.704036 45.204082 A:(b3,5)
45.204082 47.020045 G:(b3,5)
47.020045 48.920000 F:(3,5)
48.920000 50.596009 A#:(3,5)
50.596009 52.400000 F:(3,5)
52.400000 55.892063 C:(3,5)
55.892063 59.368073 G:(b3,5)
59.368073 60.988027 F:(3,5)
60.988027 62.752018 C:(3,5)
62.752018 66.192018 G:(b3,5)
66.192018 67.956009 F:(3,5)
67.956009 71.356009 C:(3,5)
71.356009 74.664036 C:(3,5,b7)
74.664036 76.400091 A#:(3,5)
76.400091 78.152018 F:(3,5)
78.152018 79.856054 C:(3,5)
79.856054 84.948027 G:(b3,5)
84.948027 86.908027 A#:(3,5)
86.908027 88.356009 F:(3,5)
88.356009 90.052063 C:(3,5)
90.052063 91.788027 G:(b3,5)
91.788027 93.524082 A#:(3,5)
93.524082 100.200000 C:(3,5)
100.200000 102.012063 A#:(3,5)
102.012063 103.740045 A:(b3,5)
103.740045 105.554014 G:(b3,5)
105.554014 107.292063 F:(3,5)
107.292063 109.100045 A#:(3,5)
109.100045 111.008073 F:(3,5)
111.008073 114.496054 C:(3,5)
114.496054 118.072018 G:(b3,5)
118.072018 119.850068 F:(3,5)
119.850068 120.390023 C:(3,5)
120.390023 124.864036 G:(b3,5)
124.864036 126.616054 F:(3,5)
126.616054 128.284082 C:(3,5)
128.284082 131.860045 G:(b3,5)
131.860045 133.668027 F:(3,5)
133.668027 135.432018 C:(3,5)
135.432018 138.928073 G:(b3,5)
138.928073 140.652063 F:(3,5)
140.652063 142.400000 C:(3,5)
142.400000 145.960000 G:(b3,5)
145.960000 147.744036 F:(3,5)
147.744036 152.596009 C:(3,5)
152.596009 157.170068 C:(3,5,b7)
157.170068 169.552018 C:(b3,5)
169.552018 172.008073 C:(b3,5,b7)
172.008073 177.038005 C:(b3,5)
177.038005 179.392018 F:(3,5)
179.392018 183.140045 C:(3,5,b7)
183.140045 184.320000 N
