0.000000 17.288073 N
17.288073 20.368073 C:(3,5,7)
20.368073 21.108027 A#:(3,5)
21.108027 23.388027 Bb:(3,5,7)
23.388027 26.408073 A:(b3,5)
26.408073 29.420045 F:(b3,5)
29.420045 30.972063 C:(3,5)
30.972063 32.492063 A:(b3,5)
32.492063 33.672018 D:(b3,5)
33.672018 35.552018 G:(3,5)
35.552018 37.048073 C:(3,5)
37.048073 38.568073 C:(3,5,b7)
38.568073 40.108027 F:(3,5)
40.108027 41.684082 F:(b3,5)
41.684082 43.172063 C:(3,5)
43.172063 44.692063 B:(b3,5)
44.692063 46.224036 C:(3,5)
46.224036 49.292063 G:(b3,5,b7)
49.292063 51.616054 Ab:(3,5,7)
51.616054 52.376054 A#:(3,5)
52.376054 53.968073 C:(3,5)
53.968073 55.524082 C:(3,5,7)
55.524082 56.272018 A#:(3,5)
56.272018 57.060045 A:(b3,5)
57.060045 58.696054 Ab:(3,5)
58.696054 60.176054 G:(3,5)
60.176054 61.700045 Ab:(3,5)
61.700045 62.496054 F:(3,5)
62.496054 63.276009 A#:(3,5)
63.276009 66.388027 C:(3,5)
66.388027 67.176054 A#:(3,5)
67.176054 69.488073 Bb:(3,5,7)
69.488073 72.492063 A:(b3,5)
72.492063 73.260045 Ab:(3,#5)
73.260045 75.568073 F:(b3,5)
75.568073 77.124082 C:(3,5)
77.124082 78.648073 A:(b3,5)
78.648073 80.180045 D:(b3,5)
80.180045 81.728073 G:(3,5)
81.728073 83.276009 C:(3,5)
83.276009 84.800000 C:(3,5,b7)
84.800000 87.872018 F:(3,5)
87.872018 89.432018 C:(3,5)
89.432018 90.952018 B:(b3,5)
90.952018 92.492063 C:(3,5)
92.492063 95.580045 G:(b3,5,b7)
95.580045 97.868027 Ab:(3,5)
97.868027 98.644082 A#:(3,5)
98.644082 100.260045 C:(3,5)
100.260045 101.840000 C:(3,5,7)
101.840000 102.652063 A#:(3,5)
102.652063 103.420045 A:(b3,5)
103.420045 104.204082 G:(3,5)
104.204082 104.980045 C:(3,5)
104.980045 111.040000 F:(3,5)
111.040000 112.608073 D:(b3,5,b7)
112.608073 114.128073 G:(3,5)
114.128073 115.324082 C:(3,5)
115.324082 120.220045 C:(3,5,7)
120.220045 121.740045 C:(3,5)
121.740045 123.924082 C:(3,5,7)
123.924082 125.040000 C:(3,5,b7)
125.040000 127.712018 G:(b3,5,b7)
127.712018 129.368073 Ab:(3,5)
129.368073 130.540045 A#:(3,5,b7)
130.540045 130.888073 B:(3,5,7)
130.888073 133.148027 C:(3,5,b7)
133.148027 136.512018 A#:(3,5)
136.512018 137.636009 Ab:(3,5)
137.636009 139.152018 A:(b3,5)
139.152018 142.136054 Ab:(3,5)
142.136054 143.660045 C:(b3,5)
143.660045 144.040000 A:(b3,b5,b7)
144.040000 145.192018 A:(b3,5)
145.192018 146.368073 D:(b3,5)
146.368073 148.276009 G:(3,5)
148.276009 150.216054 C:(3,5)
150.216054 151.380045 C:(3,5,b7)
151.380045 152.912018 F:(3,5)
152.912018 154.404082 F:(b3,5)
154.404082 155.964082 C:(3,5)
155.964082 157.504036 G:(3,5)
157.504036 159.048073 C:(3,5)
159.048073 162.156009 G:(b3,5,b7)
162.156009 163.676009 Ab:(3,5)
163.676009 165.172063 A#:(3,5,b7)
165.172063 166.724082 C:(3,5)
166.724082 168.248073 A:(b3,5)
168.248073 169.772063 D:(b3,5)
169.772063 171.280000 G:(3,5)
171.280000 174.328073 C:(3,5)
174.328073 177.344036 F:(3,5)
177.344036 178.876009 C:(3,5)
178.876009 180.416054 B:(b3,5)
180.416054 181.948027 C:(3,5)
181.948027 184.908027 G:(b3,5,b7)
184.908027 186.420045 Ab:(3,5,7)
186.420045 187.524082 A#:(3,5)
187.524082 189.484082 C:(3,5)
189.484082 191.028027 A:(b3,5,b7)
191.028027 192.540045 D:(b3,5,b7)
192.540045 193.692063 G:(3,5)
193.692063 195.556009 C:(3,5)
195.556009 197.120000 A#:(3,5)
197.120000 198.644082 F:(3,5)
198.644082 200.140045 F:(b3,5)
200.140045 201.696054 C:(3,5)
201.696054 203.200000 B:(b3,5)
203.200000 204.524082 C:(3,5)
204.524082 207.516009 G:(b3,5,b7)
207.516009 209.012063 Ab:(3,5,7)
209.012063 213.298503 N
