0.000000 0.208073 N
0.208073 4.336054 G:(3,5,7)
4.336054 8.404082 D:(3,5)
8.404082 12.472018 G:(3,5)
12.472018 16.416054 D:(3,5)
16.416054 18.404082 E:(b3,5)
18.404082 20.372063 A:(3,5)
20.372063 25.696054 D:(3,5)
25.696054 26.208073 A:(3,5)
26.208073 29.944036 G:(3,5)
29.944036 31.872018 D:(3,5)
31.872018 32.956009 E:(b3,5)
32.956009 34.588027 A:(3,5)
34.588027 44.636009 D:(3,5)
44.636009 48.320000 G:(3,5)
48.320000 50.328073 D:(3,5)
50.328073 52.440000 E:(b3,5)
52.440000 53.944036 A:(3,5)
53.944036 59.536054 D:(3,5)
59.536054 61.704036 G:(3,5)
61.704036 63.244082 D:(3,5)
63.244082 65.756009 G:(3,5)
65.756009 66.736054 D:(3,5)
66.736054 67.780045 E:(b3,5)
67.780045 68.352018 F#:(b3,5,7)
68.352018 70.428027 G:(3,5,7)
70.428027 74.520000 E:(b3,5,b7)
74.520000 78.192018 D:(3,5)
78.192018 83.668027 A#:(3,5,b7)
83.668027 89.436009 A#:(b3,5)
89.436009 97.360000 D:(3,5)
97.360000 103.196009 G:(3,5)
103.196009 105.132063 C:(3,5)
105.132063 106.776054 A:(b3,5)
106.776054 107.964082 C:(3,5)
107.964082 108.916009 A:(3,5)
108.916009 118.340045 D:(3,5)
118.340045 122.128073 G:(3,5)
122.128073 124.040000 D:(3,5)
124.040000 125.052063 E:(3,5)
125.052063 126.004082 F#:(b3,5,b7)
126.004082 129.692063 G:(b3,5)
129.692063 138.908027 D:(3,5)
138.908027 149.096054 D:(b3,5)
149.096054 153.208073 C:(3,5)
153.208073 170.434467 N
