0.000000 0.348027 N
0.348027 1.696054 F:(3,5)
1.696054 3.456054 F:(3,5,7)
3.456054 4.524082 A:(b3,b5)
4.524082 7.648073 G:(b3,5)
7.648073 8.660045 F:(3,5)
8.660045 9.024036 D#:(3,5)
9.024036 10.656054 A#:(3,5)
10.656054 10.976054 A#:(b3,5)
10.976054 14.840000 A#:(3,5)
14.840000 20.380045 E#:(b3,5,b7)
20.380045 25.612063 G:(3,5)
25.612063 26.960000 D#:(3,5)
26.960000 29.668027 G:(3,5,7)
29.668027 31.824036 D#:(3,5)
31.824036 34.436009 A#:(3,5)
34.436009 35.684082 F:(3,5)
35.684082 37.036009 F:(3,5,7)
37.036009 39.592018 F:(3,5,b7)
39.592018 41.076009 G:(b3,5)
41.076009 42.052063 F:(3,5)
42.052063 46.252063 D#:(3,5)
46.252063 47.592018 F:(3,5)
47.592018 48.880000 Bb:(3,5,7)
48.880000 50.084082 G:(b3,5)
50.084082 51.440000 D#:(3,5)
51.440000 52.784036 F:(3,5)
52.784036 54.124082 D#:(3,5)
54.124082 55.936054 A#:(3,5)
55.936054 56.588027 A#:(b3,5)
56.588027 60.660045 A#:(3,5)
60.660045 65.500045 E#:(b3,5,b7)
65.500045 70.284082 D:(b3,b5)
70.284082 71.200000 D#:(3,5)
71.200000 71.504036 F:(3,5)
71.504036 73.944036 G:(3,5)
73.944036 75.804082 D#:(3,5)
75.804082 81.304036 A#:(3,5)
81.304036 83.632018 F:(3,5)
83.632018 85.472018 C:(b3,5)
85.472018 86.084082 A:(b3,b5)
86.084082 87.416054 G:(b3,5)
87.416054 88.716009 G:(b3,5,b7)
88.716009 90.500045 D#:(3,5)
90.500045 91.132063 F:(3,5)
91.132063 92.540045 D#:(3,5)
92.540045 93.796009 F:(3,5)
93.796009 95.044082 A#:(3,5)
95.044082 95.616054 G:(b3,5)
95.616054 96.248073 F:(3,5)
96.248073 97.384036 D#:(3,5)
97.384036 98.712018 F:(3,5,b7)
98.712018 99.920000 D#:(3,5)
99.920000 106.008073 A#:(3,5)
106.008073 111.128073 E#:(b3,5,b7)
111.128073 115.684082 D:(b3,b5)
115.684082 116.716009 D#:(3,5)
116.716009 117.052063 F:(3,5)
117.052063 119.388027 G:(3,5)
119.388027 121.284082 D#:(3,5)
121.284082 126.940045 A#:(3,5)
126.940045 128.028027 F:(3,5)
128.028027 129.080091 F:(3,5,7)
129.080091 130.988027 Ab:(3,5,7)
130.988027 131.632018 D#:(b3,b5)
131.632018 134.276009 Eb:(3,5,7)
134.276009 135.580045 D#:(3,5)
135.580045 136.144036 G:(b3,5)
136.144036 136.784036 F:(3,5)
136.784036 137.484082 D#:(3,5)
137.484082 139.372063 F:(3,5)
139.372063 140.456054 A#:(3,5)
140.456054 141.120000 G:(3,5)
141.120000 141.824036 F:(3,5)
141.824036 143.148027 D#:(3,5)
143.148027 144.248073 F:(3,5,b7)
144.248073 145.472018 D#:(3,5)
145.472018 151.840000 A#:(3,5)
151.840000 156.764082 E#:(b3,5,b7)
156.764082 158.156009 G:(3,5)
158.156009 161.616054 G:(3,5,b7)
161.616054 162.584036 D#:(3,5)
162.584036 162.892063 F:(3,5)
162.892063 165.220045 G:(3,5)
165.220045 167.284082 D#:(3,5)
167.284082 168.520000 A#:(3,5)
168.520000 169.756009 G:(b3,5)
169.756009 171.676009 D#:(3,5)
171.676009 173.572063 A#:(3,5)
173.572063 178.588027 D#:(3,5)
178.588027 180.688073 A#:(3,5)
180.688073 183.516009 Ab:(3,5)
183.516009 184.580045 A#:(3,5)
184.580045 185.792018 D#:(3,5)
185.792018 196.756009 A#:(3,5)
196.756009 205.204082 A#:(3,5,b7)
205.204082 214.856054 A#:(3,5)
214.856054 220.952018 N
220.952018 221.864036 A#:(3,5,b7)
221.864036 229.192018 A#:(b3,5)
229.192018 235.372063 N
235.372063 243.048073 A#:(3,5,b7)
243.048073 245.096054 D#:(3,5)
245.096054 250.496871 N
