0.000000 0.392018 N
0.392018 2.972063 G:(3,5)
2.972063 3.888073 D:(3,5,b7)
3.888073 5.444082 A:(b3,5,b7)
5.444082 7.960000 D:(3,5)
7.960000 17.696054 G:(3,5)
17.696054 20.316009 D:(3,5)
20.316009 21.720000 E:(b3,5)
21.720000 22.688073 B:(3,5,b7)
22.688073 23.964082 A:(b3,5,b7)
23.964082 25.200000 D:(3,5)
25.200000 37.640000 G:(3,5)
37.640000 40.048073 D:(3,5)
40.048073 41.276009 E:(3,5)
41.276009 42.632018 B:(3,5)
42.632018 43.544036 A:(b3,5)
43.544036 45.116009 D:(3,5)
45.116009 54.040000 G:(3,5)
54.040000 55.268027 A:(3,5)
55.268027 56.528073 C:(3,5)
56.528073 57.608073 D:(3,5)
57.608073 60.120000 G:(3,5)
60.120000 61.384036 E:(b3,5,b7)
61.384036 62.716009 A:(3,5)
62.716009 63.748027 C:(3,5)
63.748027 65.136054 D:(3,5,b7)
65.136054 72.700045 G:(3,5)
72.700045 75.060045 D:(3,5,b7)
75.060045 76.384036 E:(b3,5)
76.384036 77.668027 B:(3,5)
77.668027 78.884082 A:(b3,5,b7)
78.884082 80.216054 D:(3,5)
80.216054 92.800000 G:(3,5)
92.800000 95.228027 D:(3,5,b7)
95.228027 96.804082 E:(b3,5)
96.804082 97.756009 B:(3,5,b7)
97.756009 99.084082 A:(b3,5)
99.084082 100.376054 D:(3,5)
100.376054 107.944036 G:(3,5)
107.944036 109.316009 E:(b3,5,b7)
109.316009 110.568073 A:(3,5)
110.568073 111.812063 C:(3,5)
111.812063 113.068027 D:(3,5)
113.068027 116.796009 G:(3,5)
116.796009 118.016054 A:(3,5)
118.016054 119.292063 C:(3,5)
119.292063 120.608073 D:(3,5)
120.608073 128.124082 G:(3,5)
128.124082 130.616054 D:(3,5)
130.616054 131.880000 E:(b3,5)
131.880000 133.472018 B:(3,5,b7)
133.472018 134.472018 A:(3,5)
134.472018 135.796009 D:(3,5)
135.796009 137.084082 G:(3,5)
137.084082 138.220045 F:(3,5)
138.220045 143.420045 G:(3,5)
143.420045 145.328073 D:(b3,5,b7)
145.328073 145.960000 A:(b3,5,b7)
145.960000 148.584036 D:(3,5)
148.584036 151.416054 G:(3,5)
151.416054 156.177415 N
