0.000000 0.514014 N
0.514014 13.938050 A:(3,5)
13.938050 16.188027 E:(3,5)
16.188027 22.476009 A:(3,5)
22.476009 27.516009 D:(3,5)
27.516009 38.860045 A:(3,5)
38.860045 43.868027 D:(3,5)
43.868027 48.808073 E:(3,5,b7)
48.808073 51.300045 B:(b3,5)
51.300045 53.228027 E:(3,5)
53.228027 56.096054 B:(b3,5)
56.096054 56.772063 G:(3,5)
56.772063 57.404082 A:(3,5)
57.404082 60.152018 F#:(3,5)
60.152018 62.292063 E:(3,5)
62.292063 70.506032 A:(3,5)
70.506032 72.036009 D:(3,5)
72.036009 73.896054 A:(3,5)
73.896054 74.790023 A:(b3,5)
74.790023 77.204082 D:(3,5)
77.204082 82.120000 E:(3,5)
82.120000 87.924082 A:(3,5)
87.924082 89.464036 D:(3,5)
89.464036 103.752018 A:(3,5)
103.752018 108.844082 D:(3,5)
108.844082 113.756009 E:(3,5)
113.756009 116.076009 B:(b3,5)
116.076009 117.752018 E:(3,5)
117.752018 121.116009 B:(b3,5,b7)
121.116009 121.416054 G:(3,5)
121.416054 121.984036 A:(3,5)
121.984036 124.424036 F#:(3,5)
124.424036 127.046077 E:(3,5)
127.046077 129.388027 A:(3,5)
129.388027 131.760000 D:(3,5)
131.760000 134.128073 A:(3,5)
134.128073 136.196009 D:(3,5)
136.196009 138.868027 A:(3,5)
138.868027 141.306032 D:(3,5)
141.306032 145.602086 E:(3,5)
145.602086 152.312018 A:(3,5)
152.312018 155.602086 D:(3,5)
155.602086 167.594014 A:(3,5)
167.594014 172.236009 D:(3,5)
172.236009 176.984036 E:(3,5,b7)
176.984036 179.376054 B:(b3,5,b7)
179.376054 181.796009 E:(3,5)
181.796009 184.316009 B:(b3,5,b7)
184.316009 184.608073 G:(3,5)
184.608073 185.184036 A:(3,5)
185.184036 187.644082 F#:(3,5)
187.644082 190.212063 E:(3,5)
190.212063 192.584036 A:(3,5)
192.584036 194.928073 D:(3,5)
194.928073 197.306032 A:(3,5)
197.306032 199.392018 D:(3,5)
199.392018 202.050068 A:(3,5)
202.050068 204.400000 D:(3,5)
204.400000 209.548027 E:(3,5)
209.548027 212.222041 A:(3,5)
212.222041 214.260045 D:(3,5)
214.260045 217.152018 A:(3,5)
217.152018 218.348027 D:(3,5)
218.348027 219.488073 A:(b3,5)
219.488073 221.304036 A:(3,5)
221.304036 222.248073 A:(b3,5)
222.248073 223.368073 D:(3,5)
223.368073 223.696054 A:(b3,5)
223.696054 224.320000 A:(3,5,7)
224.320000 226.364082 A:(3,5)
226.364082 228.680000 D:(3,5)
228.680000 231.046077 A:(3,5)
231.046077 233.068027 D:(3,5)
233.068027 235.686077 A:(3,5)
235.686077 238.046077 D:(3,5)
238.046077 240.902041 A:(3,5)
240.902041 242.666032 D:(3,5)
242.666032 247.040000 A:(3,5)
247.040000 250.262041 A:(b3,5)
250.262041 252.022041 D:(3,5)
252.022041 255.698141 A:(3,5)
