0.000000 0.028027 N
0.028027 2.296054 C:(3,5)
2.296054 4.396009 D:(3,5)
4.396009 9.980045 E:(3,5)
9.980045 11.120000 B:(3,5)
11.120000 14.416054 F#:(b3,5)
14.416054 15.508027 B:(3,5,b7)
15.508027 18.792018 E:(3,5)
18.792018 19.892063 B:(3,5)
19.892063 23.156009 F#:(b3,5)
23.156009 23.984036 B:(3,5,b7)
23.984036 26.408073 E:(3,5)
26.408073 27.496054 D:(3,5)
27.496054 28.302041 A:(3,5)
28.302041 30.776054 E:(3,5)
30.776054 31.852063 D:(3,5)
31.852063 32.656054 A:(3,5)
32.656054 35.100045 E:(3,5)
35.100045 36.990023 A:(3,5)
36.990023 39.460045 E:(3,5)
39.460045 43.322086 B:(3,5)
43.322086 44.672018 E:(3,5)
44.672018 45.724082 B:(3,5)
45.724082 48.956009 F#:(b3,5)
48.956009 50.032018 B:(3,5)
50.032018 53.288073 E:(3,5)
53.288073 54.372063 B:(3,5)
54.372063 57.552018 F#:(b3,5)
57.552018 58.628027 B:(3,5)
58.628027 60.740045 E:(3,5)
60.740045 61.836009 D:(3,5)
61.836009 62.624036 A:(3,5)
62.624036 64.492063 E:(3,5)
64.492063 65.040091 E:(b3,5)
65.040091 66.112018 D:(3,5)
66.112018 66.900045 A:(3,5)
66.900045 69.004082 E:(3,5)
69.004082 70.074014 F#:(b3,5)
70.074014 73.540045 E:(3,5)
73.540045 75.708027 C#:(b3,5,b7)
75.708027 77.576054 F#:(3,5,b7)
77.576054 78.900045 E:(3,5)
78.900045 79.992018 D:(3,5)
79.992018 81.928073 A:(3,5)
81.928073 84.036009 C#:(b3,5,b7)
84.036009 86.336054 F#:(3,5,b7)
86.336054 87.388027 E:(3,5)
87.388027 88.492063 D:(3,5)
88.492063 90.588027 A:(3,5)
90.588027 91.700045 E:(3,5)
91.700045 92.772063 B:(3,5)
92.772063 96.016054 F#:(b3,5)
96.016054 96.988027 B:(3,5)
96.988027 100.284082 E:(3,5)
100.284082 101.360000 B:(3,5)
101.360000 104.528073 F#:(b3,5)
104.528073 105.334059 B:(3,5)
105.334059 107.728073 E:(3,5)
107.728073 108.812063 D:(3,5)
108.812063 109.598005 A:(3,5)
109.598005 112.016054 E:(3,5)
112.016054 113.084082 D:(3,5)
113.084082 113.868027 A:(3,5)
113.868027 116.288073 E:(3,5)
116.288073 118.152018 A:(3,5)
118.152018 120.584036 E:(3,5)
120.584036 122.756009 C#:(b3,5,b7)
122.756009 124.860045 F#:(3,5,b7)
124.860045 125.924082 E:(3,5)
125.924082 127.000000 D:(3,5)
127.000000 129.124082 A:(3,5)
129.124082 131.232018 C#:(b3,5,b7)
131.232018 133.360091 F#:(3,5,b7)
133.360091 134.428027 E:(3,5)
134.428027 135.520000 D:(3,5)
135.520000 137.372063 A:(3,5)
137.372063 138.724082 D:(3,5)
138.724082 139.784036 A:(3,5)
139.784036 141.920000 E:(3,5)
141.920000 142.996009 D:(3,5)
142.996009 144.044082 A:(3,5)
144.044082 146.184036 E:(3,5)
146.184036 148.034014 A:(3,5)
148.034014 150.436009 E:(3,5)
150.436009 152.012063 D:(3,5)
152.012063 154.664036 A:(3,5)
154.664036 156.768073 G:(3,5)
156.768073 158.876009 F#:(b3,5)
158.876009 163.979320 E:(3,5)
