0.000000 4.464036 C:(3,5)
4.464036 10.204082 G:(3,5)
10.204082 15.872018 C:(3,5)
15.872018 21.628027 G:(3,5)
21.628027 23.092063 C:(3,5)
23.092063 24.512018 C:(3,5,7)
24.512018 28.448073 A:(b3,5,b7)
28.448073 30.268027 D:(b3,5,b7)
30.268027 34.264036 G:(3,5,b7)
34.264036 35.880000 C:(3,5)
35.880000 38.716009 F:(3,5,7)
38.716009 39.812063 B:(b3,b5)
39.812063 41.560000 E:(3,5,b7)
41.560000 48.440000 A:(b3,5)
48.440000 50.212063 D:(b3,5)
50.212063 53.060045 G:(3,5,b7)
53.060045 55.832018 C:(3,5)
55.832018 58.708027 F:(3,5,7)
58.708027 59.792018 B:(b3,b5)
59.792018 61.576054 E:(3,5,b7)
61.576054 64.464036 A:(b3,5)
64.464036 65.168073 G:(3,5)
65.168073 70.124082 C:(3,5)
70.124082 75.776054 G:(3,5)
75.776054 81.364082 C:(3,5)
81.364082 87.024036 G:(3,5)
87.024036 88.088073 C:(3,5)
88.088073 89.892063 C:(3,5,7)
89.892063 92.660045 A:(3,5)
92.660045 93.760000 C:(3,5)
93.760000 95.564082 C:(3,5,7)
95.564082 96.420045 A:(3,5)
96.420045 96.873651 N
