0.000000 4.810068 N
4.810068 22.308027 D:(3,5,b7)
22.308027 26.306032 C:(3,5)
26.306032 27.556009 G:(3,5)
27.556009 28.868027 D:(3,5)
28.868027 46.102041 D:(3,5,b7)
46.102041 48.804082 C:(3,5)
48.804082 50.160000 G:(3,5)
50.160000 50.608073 G:(3,5,b7)
50.608073 60.144036 D:(3,5,b7)
60.144036 61.954014 C:(3,5)
61.954014 67.220045 D:(3,5,b7)
67.220045 71.072018 C:(3,5)
71.072018 73.764082 D:(3,5)
73.764082 85.296054 D:(3,5,b7)
85.296054 86.316009 C:(3,5)
86.316009 86.810068 A#:(3,5)
86.810068 88.724082 C:(3,5)
88.724082 90.204082 G:(3,5)
90.204082 107.986032 D:(3,5,b7)
107.986032 112.352018 C:(3,5)
112.352018 113.374059 G:(3,5)
113.374059 132.102041 D:(3,5,b7)
132.102041 135.424036 C:(3,5)
135.424036 136.942041 G:(b3,5)
136.942041 139.260045 D:(b3,5)
139.260045 143.630023 F:(3,5)
143.630023 146.760000 D:(3,5)
146.760000 155.676009 D:(3,5,b7)
155.676009 158.963810 N
