0.000000 2.292063 N
2.292063 5.534059 C:(3,5)
5.534059 6.260045 F:(b3,5)
6.260045 7.588027 C:(3,5)
7.588027 8.372063 F:(b3,5)
8.372063 9.690068 G:(3,5)
9.690068 10.726077 A:(3,5)
10.726077 11.480000 E:(3,5)
11.480000 12.778050 A:(3,5)
12.778050 13.564082 D:(b3,5)
13.564082 14.878005 A:(3,5)
14.878005 15.664036 D:(b3,5)
15.664036 18.050068 E:(3,5)
18.050068 19.812063 A:(b3,5)
19.812063 21.332063 C:(3,5)
21.332063 23.760091 F:(3,5)
23.760091 24.580045 G:(3,5)
24.580045 26.208073 A:(b3,5)
26.208073 27.804082 C:(3,5)
27.804082 30.232018 F:(3,5)
30.232018 30.922086 G:(3,5)
30.922086 32.708027 E:(3,5)
32.708027 34.384036 G:(3,5)
34.384036 35.832018 A:(b3,5)
35.832018 36.320000 F:(3,5)
36.320000 38.610068 F:(b3,5)
38.610068 39.824036 N
39.824036 40.932063 C:(3,5)
40.932063 41.744036 G:(3,5,b7)
41.744036 43.036009 C:(3,5)
43.036009 43.844082 F:(3,5)
43.844082 45.128073 C:(3,5)
45.128073 45.930068 F:(b3,5)
45.930068 47.228027 G:(3,5,b7)
47.228027 50.360000 A:(3,5)
50.360000 51.150023 D:(b3,5)
51.150023 51.676009 E:(3,5)
51.676009 52.448073 A:(3,5)
52.448073 53.234014 D:(b3,5)
53.234014 55.572063 E:(3,5)
55.572063 57.278005 A:(b3,5)
57.278005 59.004082 C:(3,5)
59.004082 61.244082 F:(3,5)
61.244082 62.204082 G:(3,5)
62.204082 63.828027 A:(b3,5)
63.828027 65.452063 C:(3,5)
65.452063 68.024036 F:(3,5)
68.024036 68.848073 G:(3,5)
68.848073 70.482086 E:(3,5)
70.482086 72.100045 G:(3,5)
72.100045 73.674014 A:(b3,5)
73.674014 77.808073 F:(b3,5)
77.808073 78.868027 C:(3,5)
78.868027 79.660045 G:(3,5,b7)
79.660045 81.004082 C:(3,5)
81.004082 81.740045 F:(b3,5)
81.740045 83.040091 C:(3,5)
83.040091 83.806077 F:(b3,5)
83.806077 85.140045 G:(3,5)
85.140045 88.304036 A:(3,5)
88.304036 89.296054 D:(b3,5)
89.296054 90.356009 A:(3,5)
90.356009 91.170068 D:(b3,5)
91.170068 93.552018 E:(3,5)
93.552018 95.308027 A:(b3,5)
95.308027 96.720000 C:(3,5)
96.720000 99.332063 F:(3,5)
99.332063 100.152018 G:(3,5)
100.152018 101.680000 A:(b3,5)
101.680000 103.540045 C:(3,5)
103.540045 105.872018 F:(3,5)
105.872018 106.708027 G:(3,5)
106.708027 108.372063 E:(3,5)
108.372063 109.976054 G:(3,5)
109.976054 111.692063 A:(b3,5)
111.692063 112.456054 F:(3,5)
112.456054 114.488073 F:(b3,5)
114.488073 118.584036 C:(3,5)
118.584036 119.390023 F:(b3,5)
119.390023 120.680000 C:(3,5)
120.680000 121.470023 F:(b3,5)
121.470023 122.800000 G:(3,5)
122.800000 125.892063 A:(3,5)
125.892063 126.692063 D:(b3,5)
126.692063 127.968073 A:(3,5)
127.968073 128.720000 D:(b3,5)
128.720000 130.040000 E:(b3,5)
130.040000 133.200000 C:(3,5)
133.200000 134.000000 F:(b3,5)
134.000000 135.300045 C:(3,5)
135.300045 136.084082 F:(b3,5)
136.084082 137.380045 G:(3,5)
137.380045 140.528073 A:(3,5)
140.528073 141.292063 D:(b3,5)
141.292063 142.616054 E:(3,5)
142.616054 143.384036 D:(b3,5)
143.384036 144.678005 E:(3,5)
144.678005 145.748027 C:(3,5)
145.748027 146.548027 G:(3,5)
146.548027 147.838005 C:(3,5)
147.838005 148.616054 F:(b3,5)
148.616054 149.928073 C:(3,5)
149.928073 150.720000 F:(b3,5)
150.720000 152.050068 G:(3,5)
152.050068 155.162086 A:(3,5)
155.162086 155.984036 D:(b3,5)
155.984036 157.280000 A:(3,5)
157.280000 158.060045 D:(b3,5)
158.060045 159.352018 E:(3,5)
159.352018 160.410068 C:(3,5)
160.410068 161.188027 G:(3,5)
161.188027 162.500045 C:(3,5)
162.500045 163.232018 F:(b3,5)
163.232018 164.540045 C:(3,5)
164.540045 165.316009 F:(b3,5)
165.316009 166.604082 G:(3,5)
166.604082 169.720000 A:(3,5)
169.720000 170.508027 D:(b3,5)
170.508027 171.816054 E:(3,5)
171.816054 172.592018 D:(b3,5)
172.592018 173.940045 E:(3,5)
173.940045 177.108027 C:(3,5)
177.108027 177.612063 F:(b3,5)
177.612063 181.638005 G:(b3,5)
181.638005 184.456054 A:(3,5)
184.456054 184.948027 D:(b3,5)
184.948027 186.676009 E:(3,5)
186.676009 194.072381 N
