0.000000 0.064036 N
0.064036 2.120000 F:(3,5)
2.120000 6.936054 A#:(3,5)
6.936054 10.678005 Bb:(3,5,7)
10.678005 12.816054 A#:(3,5)
12.816054 14.962086 F:(3,5)
14.962086 17.078005 F:(3,5,b7)
17.078005 18.688073 A#:(3,5)
18.688073 21.356009 Bb:(3,5,7)
21.356009 22.950023 D#:(3,5)
22.950023 24.268027 A#:(3,5)
24.268027 25.592018 F:(3,5)
25.592018 29.326077 A#:(3,5)
29.326077 30.916009 Bb:(3,5,7)
30.916009 31.444082 G:(b3,5)
31.444082 31.982041 C:(3,5)
31.982041 33.046077 A#:(3,5)
33.046077 34.078005 F:(3,5)
34.078005 38.322086 A#:(3,5)
38.322086 39.388027 F:(3,5)
39.388027 40.432018 G:(b3,5)
40.432018 41.482086 A#:(3,5)
41.482086 42.536054 F:(3,5)
42.536054 46.750023 A#:(3,5)
46.750023 49.376054 F:(3,5)
49.376054 50.944036 F:(3,5,b7)
50.944036 55.134059 A#:(3,5)
55.134059 57.240000 D#:(3,5)
57.240000 58.288073 A#:(3,5)
58.288073 59.334059 F:(3,5)
59.334059 63.592018 A#:(3,5)
63.592018 64.640000 F:(3,5)
64.640000 65.684082 G:(b3,5)
65.684082 67.004082 A#:(3,5)
67.004082 67.790023 F:(3,5,b7)
67.790023 72.030023 A#:(3,5)
72.030023 73.078005 F:(3,5)
73.078005 74.118005 G:(b3,5)
74.118005 75.460045 A#:(3,5)
75.460045 76.236009 F:(3,5,b7)
76.236009 78.358005 A#:(3,5)
78.358005 82.308027 D#:(3,5)
82.308027 85.726077 A#:(3,5)
85.726077 86.790023 A#:(3,5,b7)
86.790023 90.430023 D#:(3,5)
90.430023 90.958005 F:(3,5,b7)
90.958005 93.092063 A#:(3,5)
93.092063 95.218050 F:(3,5)
95.218050 97.330068 A#:(3,5)
97.330068 99.172063 F:(3,5)
99.172063 101.568073 F:(3,5,b7)
101.568073 105.778050 A#:(3,5)
105.778050 107.900045 D#:(3,5)
107.900045 108.964082 A#:(3,5)
108.964082 110.018050 F:(3,5)
110.018050 114.004082 A#:(3,5)
114.004082 115.364082 F:(3,5)
115.364082 116.406077 G:(b3,5)
116.406077 117.468027 A#:(3,5)
117.468027 118.520000 F:(3,5)
118.520000 122.528073 A#:(3,5)
122.528073 123.862041 F:(3,5)
123.862041 124.374059 G:(b3,5)
124.374059 125.960000 A#:(3,5)
125.960000 126.998005 F:(3,5)
126.998005 128.630023 A#:(3,5)
128.630023 128.896054 C#:(3,5)
128.896054 133.108027 D#:(3,5)
133.108027 136.542041 A#:(3,5)
136.542041 137.638005 A#:(3,5,b7)
137.638005 141.808073 D#:(3,5)
141.808073 144.208073 A#:(3,5)
144.208073 146.052063 F:(3,5)
146.052063 148.196009 A#:(3,5)
148.196009 150.020045 F:(3,5)
150.020045 152.466032 F:(3,5,b7)
152.466032 156.718005 A#:(3,5)
156.718005 158.846077 D#:(3,5)
158.846077 159.902041 A#:(3,5)
159.902041 160.974059 F:(3,5)
160.974059 164.980045 A#:(3,5)
164.980045 166.328073 F:(3,5)
166.328073 167.380045 G:(b3,5)
167.380045 168.438005 A#:(3,5)
168.438005 168.962086 F:(3,5)
168.962086 173.512018 A#:(3,5)
173.512018 174.836009 F:(3,5)
174.836009 175.624036 G:(b3,5)
175.624036 176.954014 A#:(3,5)
176.954014 177.924082 F:(3,5)
177.924082 182.232018 G:(b3,5)
182.232018 183.312018 F:(3,5,b7)
183.312018 186.864036 A#:(3,5)
186.864036 188.824671 N
