0.000000 0.868027 N
0.868027 1.104036 F#:(b3,5)
1.104036 1.600000 F#:(b3,5,7)
1.600000 3.036009 F#:(b3,5,b7)
3.036009 4.500045 N
4.500045 6.432018 F#:(3,5)
6.432018 6.932063 C#:(3,5,b7)
6.932063 7.416054 F#:(b3,5,b7)
7.416054 7.880000 C#:(b3,5)
7.880000 8.100045 C:(3,5)
8.100045 11.728073 A:(3,5)
11.728073 15.880000 F#:(b3,5)
15.880000 17.100045 D:(3,5)
17.100045 18.296054 D:(3,5,7)
18.296054 20.032018 D:(3,5)
20.032018 23.848073 E:(3,5)
23.848073 27.728073 A:(3,5)
27.728073 31.368073 F#:(b3,5)
31.368073 35.508027 D:(3,5)
35.508027 39.148027 E:(3,5)
39.148027 42.832018 A:(3,5)
42.832018 43.288073 A:(3,5,7)
43.288073 46.976054 F#:(b3,5)
46.976054 51.136054 D:(3,5)
51.136054 55.044082 E:(3,5)
55.044082 58.464036 A:(3,5)
58.464036 62.620045 F#:(b3,5)
62.620045 66.804082 D:(3,5)
66.804082 70.616054 E:(3,5)
70.616054 74.516009 A:(3,5)
74.516009 78.204082 F#:(b3,5)
78.204082 82.424036 D:(3,5)
82.424036 86.304036 E:(3,5)
86.304036 90.232018 A:(3,5)
90.232018 93.956009 F#:(b3,5)
93.956009 98.148027 D:(3,5)
98.148027 102.144036 E:(3,5)
102.144036 104.344036 A:(3,5)
104.344036 105.308027 A:(3,5,7)
105.308027 109.744036 F#:(b3,5)
109.744036 113.900045 D:(3,5)
113.900045 115.844082 E:(3,5)
115.844082 117.840000 F#:(b3,5,7)
117.840000 121.280000 A:(3,5,7)
121.280000 121.756009 C#:(b3,b5,b7)
121.756009 125.424036 F#:(b3,5)
125.424036 129.584036 D:(3,5)
129.584036 130.564082 E:(3,5)
130.564082 132.264036 F#:(3,5)
132.264036 133.524082 E:(3,5)
133.524082 137.436009 A:(3,5)
137.436009 141.320000 F#:(b3,5)
141.320000 142.088073 D:(3,5,7)
142.088073 145.012063 D:(3,5)
145.012063 149.192018 E:(3,5)
149.192018 152.220045 D:(3,5,7)
152.220045 156.734694 N
