0.000000 1.372063 N
1.372063 4.636009 E:(3,5,b7)
4.636009 5.776054 E:(b3,5,b7)
5.776054 8.200000 E:(3,5,b7)
8.200000 8.432018 E:(b3,b5)
8.432018 12.420045 E:(3,5,b7)
12.420045 13.168073 F#:(3,5)
13.168073 15.948027 F#:(3,5,b7)
15.948027 16.432018 Ab:(3,5,b7)
16.432018 20.656054 A:(3,5)
20.656054 23.916009 G:(3,5)
23.916009 24.168073 D:(3,5)
24.168073 25.196009 B:(3,5)
25.196009 28.536054 B:(3,5,b7)
28.536054 32.068027 E:(b3,5)
32.068027 34.324082 C:(3,5,7)
34.324082 36.288073 G:(3,5)
36.288073 36.528073 A:(3,5)
36.528073 47.720000 E:(3,5,b7)
47.720000 51.492063 F#:(3,5,b7)
51.492063 55.716009 A:(3,5)
55.716009 59.292063 G:(3,5)
59.292063 59.772063 D:(b3,5)
59.772063 60.488073 B:(3,5,7)
60.488073 63.896054 B:(3,5,b7)
63.896054 67.404082 E:(b3,5)
67.404082 69.916009 C:(3,5)
69.916009 70.920000 G:(3,5)
70.920000 71.864036 N
71.864036 73.848073 E:(b3,5)
73.848073 77.668027 A:(3,5)
77.668027 78.336054 G:(3,5)
78.336054 79.492063 B:(3,5)
79.492063 80.688073 E:(b3,5)
80.688073 85.384036 A:(3,5)
85.384036 86.100045 G:(3,5)
86.100045 86.348027 F#:(3,5)
86.348027 87.068027 B:(3,5)
87.068027 92.016054 E:(3,5)
92.016054 95.132063 E:(3,5,b7)
95.132063 98.844082 F#:(3,5)
98.844082 102.336054 A:(3,5)
102.336054 103.048073 A:(b3,5)
103.048073 106.880000 G:(3,5)
106.880000 110.544036 B:(3,5)
110.544036 114.492063 E:(b3,5)
114.492063 115.720000 C:(3,5)
115.720000 116.696054 C:(3,5,7)
116.696054 118.720000 G:(3,5)
118.720000 120.996009 E:(3,5)
120.996009 124.568073 A:(3,5)
124.568073 124.812063 B:(3,#5)
124.812063 125.564082 G:(3,5)
125.564082 126.280000 B:(3,5)
126.280000 128.752018 E:(3,5,b7)
128.752018 132.552018 A:(3,5)
132.552018 133.304036 G:(3,5)
133.304036 134.476009 B:(3,5)
134.476009 142.324082 E:(3,5,b7)
142.324082 142.560000 F#:(b3,5,7)
142.560000 144.308027 F#:(b3,5)
144.308027 145.948027 F#:(3,5)
145.948027 146.380045 Ab:(3,5,b7)
146.380045 150.304036 A:(3,5)
150.304036 153.784036 G:(3,5)
153.784036 154.296054 D:(b3,5)
154.296054 158.216054 B:(3,5,b7)
158.216054 161.916009 E:(b3,5)
161.916009 164.220045 C:(3,5)
164.220045 165.672018 G:(b3,5)
165.672018 166.368073 D#:(3,5)
166.368073 170.088073 E:(b3,5)
170.088073 172.276009 C:(3,5)
172.276009 173.424036 G:(3,5)
173.424036 174.892698 N
