0.000000 0.904036 N
0.904036 4.924082 A:(3,5)
4.924082 6.556009 A:(b3,5)
6.556009 7.264036 A:(3,5)
7.264036 8.752018 G:(3,5)
8.752018 10.844082 F:(3,5,7)
10.844082 11.308027 Ab:(3,#5)
11.308027 12.512018 E:(3,5)
12.512018 16.324082 A:(3,5)
16.324082 18.204082 A:(b3,5)
18.204082 20.140045 G:(3,5)
20.140045 22.436009 F:(3,5,7)
22.436009 24.164082 E:(3,5)
24.164082 27.752018 A:(3,5)
27.752018 28.932063 F#:(b3,5,b7)
28.932063 31.764082 F#:(b3,5)
31.764082 35.592018 B:(b3,5)
35.592018 38.264036 E:(3,5)
38.264036 39.176054 D:(3,5)
39.176054 40.424036 E:(3,5)
40.424036 42.084082 A:(b3,5)
42.084082 44.008073 G:(3,5)
44.008073 46.336054 F:(3,5,7)
46.336054 47.804082 E:(3,5)
47.804082 51.708027 A:(3,5)
51.708027 53.640000 A:(b3,5)
53.640000 55.536054 G:(3,5)
55.536054 58.164082 F:(3,5,7)
58.164082 59.364082 E:(3,5)
59.364082 63.504036 A:(3,5)
63.504036 66.384036 E:(3,5)
66.384036 67.120000 B:(b3,5,b7)
67.120000 70.984036 C#:(b3,5)
70.984036 72.880000 F#:(b3,5)
72.880000 75.068027 B:(3,5,b7)
75.068027 76.980045 D:(3,5,7)
76.980045 77.952018 E:(3,5)
77.952018 78.688073 D:(3,5,7)
78.688073 79.684082 E:(3,5)
79.684082 80.632018 D:(3,5)
80.632018 81.636009 E:(3,5)
81.636009 83.524082 A:(b3,5)
83.524082 85.452063 G:(3,5)
85.452063 87.608073 F:(3,5,7)
87.608073 89.568073 E:(3,5)
89.568073 93.228027 A:(3,5)
93.228027 95.132063 A:(b3,5)
95.132063 97.088073 G:(3,5)
97.088073 98.988027 F:(3,5,7)
98.988027 99.796009 A:(b3,5)
99.796009 100.944036 E:(3,5)
100.944036 105.392018 A:(3,5)
105.392018 109.040000 F#:(b3,5)
109.040000 112.940045 B:(b3,5)
112.940045 113.936054 E:(3,5)
113.936054 114.636009 D:(3,5)
114.636009 115.884082 E:(3,5)
115.884082 116.588027 D:(3,5)
116.588027 117.800000 E:(3,5)
117.800000 119.748027 A:(b3,5)
119.748027 121.500045 G:(3,5)
121.500045 123.396009 F:(3,5,7)
123.396009 125.312018 E:(3,5)
125.312018 131.268027 A:(3,5)
131.268027 134.416054 A:(b3,5)
134.416054 139.312018 A:(3,5)
139.312018 140.434286 N
