0.000000 3.412063 N
3.412063 11.724082 A:(3,5,7)
11.724082 15.992018 A:(3,5)
15.992018 19.152018 B:(3,5,b7)
19.152018 23.716009 D:(3,5,7)
23.716009 30.592018 A:(3,5)
30.592018 34.288073 B:(3,5)
34.288073 38.008073 D:(3,5,7)
38.008073 45.348027 A:(3,5)
45.348027 48.132063 B:(3,5)
48.132063 49.028027 B:(3,5,b7)
49.028027 52.724082 D:(3,5,7)
52.724082 55.944036 A:(3,5)
55.944036 60.092063 F#:(b3,5)
60.092063 63.736054 D:(3,5)
63.736054 67.468027 F#:(b3,5)
67.468027 71.160000 E:(3,5)
71.160000 74.836009 D:(3,5)
74.836009 78.532063 A:(3,5)
78.532063 82.220045 D:(3,5)
82.220045 85.908027 A:(3,5)
85.908027 87.748027 E:(3,5)
87.748027 89.600000 G:(3,5)
89.600000 93.280000 D:(3,5)
93.280000 96.984036 E:(3,5)
96.984036 100.704036 A:(3,5)
100.704036 104.344036 B:(3,5)
104.344036 108.040000 D:(3,5,7)
108.040000 115.404082 A:(3,5)
115.404082 118.168073 B:(3,5)
118.168073 119.152018 B:(3,5,b7)
119.152018 123.272018 D:(3,5,7)
123.272018 126.532063 A:(3,5)
126.532063 130.160000 D:(3,5)
130.160000 133.844082 A:(3,5)
133.844082 137.112018 D:(3,5)
137.112018 141.340045 A:(3,5)
141.340045 144.916009 D:(3,5)
144.916009 148.544036 A:(3,5)
148.544036 152.268027 D:(3,5)
152.268027 155.976054 A:(3,5)
155.976054 157.796009 E:(3,5)
157.796009 159.660045 G:(3,5)
159.660045 165.188027 D:(3,5)
165.188027 167.036009 E:(3,5)
167.036009 170.772063 D:(3,5)
170.772063 174.408073 A:(3,5)
174.408073 178.112018 D:(3,5)
178.112018 181.792018 A:(3,5)
181.792018 183.624036 E:(3,5)
183.624036 185.468027 G:(3,5)
185.468027 189.160000 D:(3,5)
189.160000 192.876009 E:(3,5,b7)
192.876009 196.132063 D:(3,5)
196.132063 200.256054 A:(3,5)
200.256054 203.516009 D:(3,5)
203.516009 209.516009 A:(3,5)
209.516009 213.160000 D:(3,5)
213.160000 216.844082 A:(3,5)
216.844082 220.576054 D:(3,5)
220.576054 224.216054 A:(3,5)
224.216054 227.900045 D:(3,5)
227.900045 231.152018 A:(3,5)
231.152018 234.820045 D:(3,5)
234.820045 239.064036 A:(3,5)
239.064036 242.188027 D:(3,5,7)
242.188027 245.876009 A:(3,5)
245.876009 249.556009 D:(3,5)
249.556009 253.780045 A:(3,5)
253.780045 257.392018 D:(3,5)
257.392018 262.478367 A:(3,5)
