0.000000 1.368073 N
1.368073 2.624036 E:(3,5)
2.624036 3.860045 B:(3,5)
3.860045 13.556009 E:(3,5)
13.556009 15.720000 A:(3,5)
15.720000 23.496054 E:(3,5)
23.496054 25.952018 A:(3,5,b7)
25.952018 28.420045 B:(3,5)
28.420045 33.520091 E:(3,5)
33.520091 35.916009 A:(b3,5)
35.916009 38.084082 E:(3,5)
38.084082 38.380045 E:(b3,5)
38.380045 42.252063 A:(b3,5)
42.252063 43.588027 B:(3,5,b7)
43.588027 45.568073 E:(3,5)
45.568073 48.380045 B:(3,5,b7)
48.380045 51.792018 E:(3,5)
51.792018 55.752018 E:(3,5,b7)
55.752018 57.932063 A:(3,5)
57.932063 61.140045 E:(3,5)
61.140045 65.688073 E:(3,5,b7)
65.688073 68.136054 A:(3,5,b7)
68.136054 70.604082 B:(3,5)
70.604082 75.760000 E:(3,5)
75.760000 78.268027 A:(b3,5)
78.268027 79.268027 E:(b3,b5,b7)
79.268027 80.600000 E:(b3,5)
80.600000 84.364082 A:(b3,5)
84.364082 85.716009 B:(3,5)
85.716009 87.984036 E:(3,5)
87.984036 90.164082 B:(3,5,b7)
90.164082 97.844082 E:(3,5)
97.844082 100.388027 A:(3,5)
100.388027 106.096054 E:(3,5)
106.096054 107.648073 E:(3,5,b7)
107.648073 110.448073 A:(3,5,b7)
110.448073 112.088073 B:(3,5,b7)
112.088073 117.612063 E:(3,5)
117.612063 120.052063 A:(b3,5)
120.052063 121.648073 E:(b3,5)
121.648073 122.516009 E:(3,5)
122.516009 123.460045 A:(3,5)
123.460045 126.844082 A:(b3,5)
126.844082 127.456054 B:(3,5)
127.456054 130.100045 E:(3,5)
130.100045 132.404082 B:(3,5)
132.404082 133.136054 E:(3,5)
133.136054 137.352018 E:(3,5,b7)
137.352018 139.488073 E:(3,5)
139.488073 141.776054 A:(3,5)
141.776054 145.656054 E:(3,5)
145.656054 147.212063 E:(3,5,b7)
147.212063 149.660045 E:(3,5)
149.660045 152.132063 A:(3,5)
152.132063 154.304036 B:(3,5)
154.304036 157.500045 E:(3,5)
157.500045 161.076009 E:(3,5,b7)
161.076009 165.352018 E:(3,5)
165.352018 170.805986 N
