0.000000 0.392018 N
0.392018 2.036009 G:(3,5)
2.036009 3.508027 G:(3,5,b7)
3.508027 10.932063 G:(3,5)
10.932063 14.412063 G:(3,5,b7)
14.412063 17.952018 G:(3,5)
17.952018 21.424036 G:(3,5,b7)
21.424036 25.612063 B:(b3,5)
25.612063 26.868027 B:(b3,5,7)
26.868027 28.620045 B:(b3,5,b7)
28.620045 31.268027 C:(3,5)
31.268027 32.232018 D:(3,5)
32.232018 38.912018 G:(3,5)
38.912018 42.436009 G:(3,5,b7)
42.436009 46.000000 G:(3,5)
46.000000 49.688073 G:(3,5,b7)
49.688073 53.916009 B:(b3,5)
53.916009 54.864036 B:(b3,5,7)
54.864036 56.680000 B:(b3,5)
56.680000 59.372063 C:(3,5)
59.372063 60.256054 D:(3,5)
60.256054 63.924082 G:(3,5)
63.924082 65.220045 G:(b3,5)
65.220045 66.924082 C:(3,5,b7)
66.924082 68.888073 C:(3,5)
68.888073 69.776054 D:(3,5)
69.776054 77.252063 G:(3,5)
77.252063 88.024036 G:(3,5,b7)
88.024036 95.224036 B:(b3,5)
95.224036 97.912018 C:(3,5)
97.912018 98.776054 D:(3,5)
98.776054 102.468027 G:(3,5)
102.468027 103.792018 G:(b3,5)
103.792018 107.316009 C:(3,5)
107.316009 108.972063 D:(b3,5)
108.972063 114.036009 G:(3,5)
114.036009 115.032018 G:(3,5,b7)
115.032018 115.960000 C:(3,5)
115.960000 118.316009 G:(3,5)
118.316009 121.552018 C:(3,5)
121.552018 150.604626 G:(3,5)
