0.000000 0.632018 N
0.632018 2.532063 A:(3,5)
2.532063 3.460045 D:(3,5)
3.460045 4.432018 E:(3,5)
4.432018 6.308027 A:(3,5)
6.308027 7.272018 D:(3,5)
7.272018 8.248073 E:(3,5)
8.248073 10.196009 A:(3,5)
10.196009 11.112018 D:(3,5)
11.112018 12.100045 E:(3,5)
12.100045 14.276009 A:(3,5)
14.276009 14.980045 D:(3,5)
14.980045 15.924082 E:(3,5)
15.924082 17.632018 A:(3,5)
17.632018 18.844082 D:(3,5)
18.844082 19.824036 E:(3,5)
19.824036 21.764082 A:(3,5)
21.764082 22.736054 D:(3,5)
22.736054 23.736054 E:(3,5)
23.736054 25.664036 A:(3,5)
25.664036 26.632018 D:(3,5)
26.632018 27.896054 E:(3,5)
27.896054 29.556009 A:(3,5)
29.556009 30.540045 D:(3,5)
30.540045 33.464036 A:(3,5,7)
33.464036 34.440000 D:(3,5)
34.440000 35.188027 E:(3,5)
35.188027 35.428027 F#:(b3,5)
35.428027 37.372063 A:(3,5)
37.372063 38.336054 D:(3,5)
38.336054 39.324082 E:(3,5)
39.324082 41.304036 A:(3,5)
41.304036 42.332063 D:(3,5)
42.332063 43.296054 E:(3,5)
43.296054 45.308027 A:(3,5)
45.308027 46.252063 D:(3,5)
46.252063 47.224036 E:(3,5)
47.224036 49.200000 A:(3,5)
49.200000 50.176054 D:(3,5)
50.176054 50.868027 E:(3,5)
50.868027 53.144036 A:(3,5)
53.144036 54.120000 D:(3,5)
54.120000 54.868027 E:(3,5)
54.868027 57.100045 A:(3,5)
57.100045 58.068027 D:(3,5)
58.068027 59.012063 E:(3,5)
59.012063 61.284082 A:(3,5)
61.284082 62.012063 D:(3,5)
62.012063 62.992018 E:(3,5)
62.992018 64.928073 A:(3,5)
64.928073 65.920000 D:(3,5)
65.920000 66.900045 E:(3,5)
66.900045 68.856054 A:(3,5)
68.856054 69.816054 D:(3,5)
69.816054 70.792018 E:(3,5)
70.792018 72.756009 A:(3,5)
72.756009 73.764082 D:(3,5)
73.764082 74.684082 E:(3,5)
74.684082 76.688073 A:(3,5)
76.688073 77.668027 D:(3,5)
77.668027 78.668027 E:(3,5)
78.668027 79.384036 A:(b3,5)
79.384036 80.376054 A:(3,5)
80.376054 81.608073 D:(3,5)
81.608073 82.592018 E:(3,5)
82.592018 84.544036 A:(3,5)
84.544036 85.524082 D:(3,5)
85.524082 86.764082 E:(3,5)
86.764082 88.492063 A:(3,5)
88.492063 89.484082 D:(3,5)
89.484082 90.724082 E:(3,5)
90.724082 92.444082 A:(3,5)
92.444082 93.432018 D:(3,5)
93.432018 96.424036 A:(3,5,7)
96.424036 97.404082 D:(3,5)
97.404082 98.420045 E:(3,5)
98.420045 100.392018 A:(3,5)
100.392018 101.380045 D:(3,5)
101.380045 101.892063 E:(3,5)
101.892063 102.396009 B:(3,5)
102.396009 104.360000 A:(3,5)
104.360000 105.348027 D:(3,5)
105.348027 106.340045 E:(3,5,7)
106.340045 106.840000 A:(3,5,7)
106.840000 108.380045 A:(3,5)
108.380045 109.072018 D:(3,5)
109.072018 109.324082 A:(3,5)
109.324082 110.820045 A:(3,5,7)
110.820045 112.292063 A:(3,5)
112.292063 113.340045 D:(3,5)
113.340045 116.300045 A:(3,5)
116.300045 117.292063 D:(3,5)
117.292063 118.544036 E:(3,5)
118.544036 120.292063 A:(3,5)
120.292063 121.288073 D:(3,5)
121.288073 122.532063 E:(3,5)
122.532063 124.244082 A:(3,5)
124.244082 125.224036 D:(3,5)
125.224036 126.492063 E:(3,5)
126.492063 128.460045 A:(3,5)
128.460045 128.948027 D:(3,5)
128.948027 134.722177 N
