0.000000 0.388027 N
0.388027 4.576054 F:(3,5)
4.576054 7.552018 C:(3,5)
7.552018 24.160000 G:(3,5)
24.160000 36.324082 C:(3,5)
36.324082 38.804082 C:(3,5,7)
38.804082 40.800000 F:(3,5)
40.800000 60.424036 G:(3,5)
60.424036 63.864036 C:(3,5)
63.864036 66.768073 C:(3,5,7)
66.768073 74.144036 C:(3,5)
74.144036 80.032018 F:(3,5)
80.032018 83.940045 C:(3,5)
83.940045 85.924082 C:(3,5,7)
85.924082 87.392018 F:(3,5)
87.392018 91.796009 C:(3,5)
91.796009 93.788027 G:(3,5)
93.788027 95.736054 F:(3,5)
95.736054 116.660045 G:(3,5)
116.660045 128.540045 C:(3,5)
128.540045 130.988027 C:(3,5,7)
130.988027 136.376054 F:(3,5)
136.376054 140.752018 C:(3,5)
140.752018 142.712018 G:(3,5)
142.712018 144.184036 F:(3,5)
144.184036 148.620045 C:(3,5)
148.620045 150.560000 G:(3,5)
150.560000 155.972063 F:(3,5)
155.972063 156.956009 C:(3,5)
156.956009 165.860045 C:(b3,5)
165.860045 167.412063 G:(b3,5)
167.412063 167.880272 N
