0.000000 0.344036 N
0.344036 3.020045 F:(3,5)
3.020045 4.388027 A:(b3,5)
4.388027 6.104036 G:(3,5)
6.104036 8.484082 C:(3,5,7)
8.484082 9.688073 A:(b3,5)
9.688073 10.600000 G:(3,5)
10.600000 12.368073 C:(3,5)
12.368073 14.176054 F:(3,5)
14.176054 15.996009 C:(3,5)
15.996009 19.560000 F:(3,5)
19.560000 21.312018 G:(3,5)
21.312018 23.116009 C:(3,5)
23.116009 24.888073 A:(b3,5)
24.888073 26.716009 C:(3,5)
26.716009 28.520000 F:(3,5)
28.520000 30.320000 C:(3,5)
30.320000 33.876009 F:(3,5)
33.876009 35.676009 G:(3,5)
35.676009 39.236009 C:(3,5)
39.236009 42.844082 A:(b3,5)
42.844082 46.400000 C:(3,5)
46.400000 50.036009 A:(b3,5)
50.036009 52.284082 G:(3,5)
52.284082 53.636009 G:(3,5,b7)
53.636009 55.452063 C:(3,5)
55.452063 57.236009 F:(3,5)
57.236009 59.012063 C:(3,5)
59.012063 62.572063 F:(3,5)
62.572063 64.396009 G:(3,5)
64.396009 65.108027 C:(3,5,7)
65.108027 68.004082 C:(3,5)
68.004082 71.632018 A:(b3,5)
71.632018 74.776054 C:(3,5)
74.776054 79.100045 A:(b3,5)
79.100045 81.132063 G:(3,5)
81.132063 82.500045 G:(3,5,b7)
82.500045 84.316009 C:(3,5)
84.316009 86.100045 F:(3,5)
86.100045 87.900045 C:(3,5)
87.900045 91.516009 F:(3,5)
91.516009 93.344036 G:(3,5)
93.344036 94.032018 C:(3,5,7)
94.032018 95.152018 C:(3,5)
95.152018 96.532063 A:(b3,5)
96.532063 97.668027 C:(3,5,7)
97.668027 98.800000 C:(3,5)
98.800000 100.152018 A:(b3,5)
100.152018 102.464036 C:(3,5)
102.464036 104.284082 A:(b3,5)
104.284082 105.732063 C:(3,5)
105.732063 110.155465 N
