0.000000 0.392018 N
0.392018 7.864036 F:(3,5)
7.864036 9.084082 E:(b3,5)
9.084082 9.336054 A:(3,5)
9.336054 12.172063 D:(b3,5)
12.172063 12.808073 F:(3,5)
12.808073 14.020045 Bb:(3,5,7)
14.020045 18.876009 F:(3,5)
18.876009 19.804082 G:(3,5)
19.804082 25.064036 F:(3,5)
25.064036 26.264036 E:(b3,5)
26.264036 27.208073 A:(3,5)
27.208073 29.372063 D:(b3,5)
29.372063 30.012063 F:(3,5)
30.012063 31.300045 A#:(3,5)
31.300045 32.392018 C:(3,5,b7)
32.392018 33.040000 A#:(3,5)
33.040000 34.204082 F:(3,5)
34.204082 34.856054 F:(3,5,7)
34.856054 36.108027 D:(b3,5,b7)
36.108027 37.292063 G:(3,5)
37.292063 37.624036 A#:(3,5)
37.624036 39.856054 F:(3,5)
39.856054 42.380045 A:(3,5)
42.380045 42.960000 D:(b3,5)
42.960000 43.544036 C:(3,5)
43.544036 44.136054 A#:(3,5)
44.136054 44.684082 D:(b3,5)
44.684082 46.040000 G:(b3,5)
46.040000 47.244082 C:(3,5,b7)
47.244082 49.736054 F:(3,5)
49.736054 52.220045 A:(3,5)
52.220045 52.828027 D:(b3,5)
52.828027 53.420045 C:(3,5)
53.420045 54.048073 A#:(3,5)
54.048073 54.656054 A:(b3,5)
54.656054 55.908027 G:(b3,5)
55.908027 57.176054 C:(3,5)
57.176054 62.156009 F:(3,5)
62.156009 63.432018 E:(3,5,b7)
63.432018 64.368073 A:(3,5)
64.368073 66.672018 D:(b3,5)
66.672018 67.300045 F:(3,5)
67.300045 68.384036 A#:(3,5)
68.384036 73.568073 F:(3,5)
73.568073 74.800000 G:(3,5)
74.800000 77.384036 F:(3,5)
77.384036 79.892063 A:(3,5)
79.892063 80.484082 D:(b3,5)
80.484082 81.112018 C:(3,5)
81.112018 82.384036 Bb:(3,5,7)
82.384036 84.728073 C:(3,5,b7)
84.728073 86.956009 F:(3,5)
86.956009 87.268027 A#:(3,5)
87.268027 89.748027 A:(3,5)
89.748027 90.364082 D:(b3,5)
90.364082 90.976054 C:(3,5)
90.976054 91.584036 A#:(3,5)
91.584036 92.204082 D:(b3,5)
92.204082 93.460045 G:(3,5,b7)
93.460045 94.712018 C:(3,5)
94.712018 99.836009 F:(3,5)
99.836009 101.000000 E:(b3,5)
101.000000 102.064036 A:(3,5)
102.064036 104.288073 D:(b3,5)
104.288073 104.848073 F:(3,5)
104.848073 106.172063 A#:(3,5)
106.172063 107.360000 C:(3,5,b7)
107.360000 108.032018 A#:(3,5)
108.032018 111.112018 F:(3,5)
111.112018 112.352018 G:(3,5)
112.352018 112.980045 A#:(3,5)
112.980045 116.304036 F:(3,5)
116.304036 117.800000 B:(b3,b5)
117.800000 118.616054 A#:(3,5)
118.616054 122.608073 F:(3,5)
122.608073 127.431111 N
