0.000000 0.436009 N
0.436009 1.360091 G:(3,5)
1.360091 2.256054 C#:(3,5,b7)
2.256054 2.500045 D:(b3,b5)
2.500045 4.028027 D:(3,5)
4.028027 4.720000 G:(3,5)
4.720000 5.820045 C#:(3,5,b7)
5.820045 7.596009 D:(3,5)
7.596009 8.288073 G:(3,5)
8.288073 8.484082 B:(b3,5)
8.484082 9.392018 C#:(3,5,b7)
9.392018 12.048073 D:(3,5)
12.048073 12.980045 A:(3,5)
12.980045 16.488073 D:(3,5)
16.488073 18.288073 E:(b3,5)
18.288073 20.044082 D:(3,5)
20.044082 21.860045 A:(3,5)
21.860045 23.632018 B:(b3,5)
23.632018 25.428027 A:(3,5)
25.428027 28.536054 A#:(3,5)
28.536054 28.972063 C:(3,5)
28.972063 33.456054 D:(3,5)
33.456054 34.348027 B:(b3,5)
34.348027 36.104036 E:(3,5,b7)
36.104036 37.924082 D:(3,5)
37.924082 39.724082 A:(3,5)
39.724082 41.496054 B:(b3,5)
41.496054 43.296054 A:(3,5)
43.296054 46.200091 A#:(3,5)
46.200091 46.864036 C:(3,5)
46.864036 50.420045 D:(3,5)
50.420045 52.224036 G:(3,5)
52.224036 54.008073 D:(3,5)
54.008073 55.800000 G:(3,5)
55.800000 57.360000 D:(3,5)
57.360000 59.392018 G:(3,5)
59.392018 62.296054 D:(3,5)
62.296054 62.992018 A:(3,5)
62.992018 66.556009 D:(3,5)
66.556009 68.328073 E:(b3,5)
68.328073 70.152018 D:(3,5)
70.152018 71.924082 A:(3,5)
71.924082 73.500045 B:(b3,5)
73.500045 75.496054 A:(3,5)
75.496054 78.604082 A#:(3,5)
78.604082 79.068027 C:(3,5)
79.068027 82.628027 D:(3,5)
82.628027 84.436009 G:(3,5)
84.436009 86.212063 D:(3,5)
86.212063 87.980045 G:(3,5)
87.980045 89.728073 D:(3,5)
89.728073 91.528073 G:(3,5)
91.528073 94.200000 D:(3,5)
94.200000 95.092063 A:(3,5)
95.092063 98.692063 D:(3,5)
98.692063 100.504036 E:(b3,5)
100.504036 102.288073 D:(3,5)
102.288073 104.092063 A:(3,5)
104.092063 105.880000 B:(b3,5)
105.880000 107.672018 A:(3,5)
107.672018 110.832018 A#:(3,5)
110.832018 111.252063 C:(3,5)
111.252063 113.948027 D:(3,5)
113.948027 114.392018 A#:(3,5)
114.392018 114.828027 C:(3,5)
114.828027 117.544036 D:(3,5)
117.544036 118.004082 A#:(3,5)
118.004082 118.448073 C:(3,5)
118.448073 120.924082 D:(3,5)
120.924082 121.860045 G:(3,5,7)
121.860045 125.712834 N
