0.000000 0.300045 N
0.300045 3.372063 A:(3,5)
3.372063 5.224036 D:(3,5)
5.224036 7.084082 E:(3,5,b7)
7.084082 10.752018 A:(3,5)
10.752018 12.588027 D:(3,5,7)
12.588027 14.416054 E:(3,5,b7)
14.416054 18.568073 A:(3,5)
18.568073 19.968073 D:(3,5)
19.968073 22.248073 B:(3,5,b7)
22.248073 24.964082 A:(3,5)
24.964082 25.880000 B:(b3,5,b7)
25.880000 30.980045 A:(3,5)
30.980045 32.844082 D:(3,5)
32.844082 34.688073 E:(3,5,b7)
34.688073 38.432018 A:(3,5)
38.432018 40.308027 D:(3,5)
40.308027 42.176054 E:(3,5,b7)
42.176054 45.912018 A:(3,5)
45.912018 47.760000 D:(3,5)
47.760000 50.112018 B:(3,5,b7)
50.112018 51.512018 A:(3,5)
51.512018 53.084082 D:(3,5,7)
53.084082 54.092063 D:(3,5)
54.092063 57.328073 A:(3,5)
57.328073 59.152018 E:(3,5,b7)
59.152018 62.672018 A:(3,5)
62.672018 64.500045 D:(3,5)
64.500045 66.408073 E:(3,5)
66.408073 70.148027 A:(3,5)
70.148027 72.052063 D:(3,5)
72.052063 73.916009 E:(3,5,b7)
73.916009 77.676009 A:(3,5)
77.676009 79.540045 D:(3,5)
79.540045 81.428027 B:(3,5,b7)
81.428027 83.724082 A:(3,5)
83.724082 85.708027 D:(3,5)
85.708027 89.080000 A:(3,5)
89.080000 90.476009 E:(3,5,b7)
90.476009 91.404082 C:(3,5)
91.404082 92.300045 G:(3,5)
92.300045 93.196009 D:(3,5)
93.196009 95.036009 A:(3,5)
95.036009 96.364082 E:(3,5,b7)
96.364082 97.268027 C:(3,5)
97.268027 97.704036 G:(3,5)
97.704036 99.096054 D:(3,5)
99.096054 100.684082 A:(3,5)
100.684082 102.476009 E:(3,5,b7)
102.476009 103.380045 C:(3,5)
103.380045 103.872018 G:(3,5)
103.872018 105.260045 D:(3,5)
105.260045 106.572063 A:(3,5)
106.572063 108.524082 E:(3,5,b7)
108.524082 109.028027 C:(3,5)
109.028027 109.920000 G:(3,5)
109.920000 110.840000 D:(3,5)
110.840000 112.676009 A:(3,5)
112.676009 114.460045 E:(3,5,b7)
114.460045 114.904036 A:(b3,5)
114.904036 115.764082 G:(3,5)
115.764082 116.728073 D:(3,5)
116.728073 118.552018 A:(3,5)
118.552018 120.312018 E:(3,5,b7)
120.312018 120.760000 C:(3,5)
120.760000 121.660045 G:(3,5)
121.660045 122.564082 D:(3,5)
122.564082 124.168073 A:(3,5)
124.168073 131.452063 E:(3,5,b7)
131.452063 135.168073 A:(3,5)
135.168073 137.032018 D:(3,5)
137.032018 138.944036 E:(3,5,b7)
138.944036 142.648073 A:(3,5)
142.648073 144.500045 D:(3,5)
144.500045 146.368073 E:(3,5)
146.368073 150.156009 A:(3,5)
150.156009 152.008073 D:(3,5)
152.008073 154.348027 B:(3,5,b7)
154.348027 156.176054 A:(3,5)
156.176054 158.060045 D:(3,5)
158.060045 163.124082 A:(3,5)
163.124082 164.980045 D:(3,5,7)
164.980045 167.316009 B:(3,5,b7)
167.316009 168.752018 A:(3,5)
168.752018 170.144036 D:(3,5,7)
170.144036 171.212063 D:(3,5)
171.212063 174.540045 A:(3,5)
174.540045 175.924082 D:(3,5,7)
175.924082 176.868027 D:(3,5)
176.868027 178.252063 A:(3,5)
178.252063 179.432018 A:(b3,5)
179.432018 180.952018 D:(3,5)
180.952018 184.044082 A:(3,5)
184.044082 185.573878 N
