0.000000 0.392018 N
0.392018 0.672018 A:(3,5)
0.672018 0.900045 B:(3,5)
0.900045 1.132063 C#:(3,5)
1.132063 2.060045 D:(3,5)
2.060045 2.772063 G:(3,5)
2.772063 4.824036 A:(3,5)
4.824036 5.776054 D:(3,5)
5.776054 6.464036 G:(3,5)
6.464036 8.540045 A:(3,5)
8.540045 9.480000 D:(3,5)
9.480000 10.200000 G:(3,5,7)
10.200000 12.292063 A:(3,5,b7)
12.292063 13.024036 D:(b3,5)
13.024036 14.000000 G:(3,5)
14.000000 16.072018 A:(3,5,b7)
16.072018 17.032018 D:(3,5)
17.032018 17.756009 G:(3,5)
17.756009 19.864036 A:(3,5,b7)
19.864036 20.584036 D:(3,5)
20.584036 21.524082 G:(3,5)
21.524082 23.528073 A:(3,5,b7)
23.528073 24.464036 D:(3,5,b7)
24.464036 25.192018 G:(3,5,7)
25.192018 27.280000 A:(3,5,b7)
27.280000 27.996009 D:(b3,5)
27.996009 28.920000 G:(3,5)
28.920000 31.048073 A:(3,5,b7)
31.048073 31.980045 D:(3,5)
31.980045 32.736054 G:(3,5)
32.736054 33.884082 A:(3,5)
33.884082 34.352018 A:(3,#5)
34.352018 34.608073 Bb:(3,#5)
34.608073 34.812063 D:(b3,b5)
34.812063 35.776054 D:(3,5)
35.776054 36.480000 G:(3,5)
36.480000 38.516009 G:(b3,b5)
38.516009 39.236009 D:(3,5)
39.236009 39.464036 A:(3,5)
39.464036 40.200091 G:(3,5)
40.200091 42.328073 A:(3,5,b7)
42.328073 43.052063 D:(3,5)
43.052063 44.020045 G:(3,5)
44.020045 46.120000 A:(3,5,b7)
46.120000 47.120000 D:(3,5)
47.120000 47.820045 G:(3,5)
47.820045 49.948027 A:(3,5,b7)
49.948027 50.664036 D:(b3,5)
50.664036 51.648073 G:(3,5)
51.648073 53.416054 A:(3,5,b7)
53.416054 54.612063 D:(b3,5)
54.612063 55.332063 G:(3,5)
55.332063 57.468027 A:(3,5)
57.468027 58.452063 D:(b3,5)
58.452063 59.176054 G:(3,5)
59.176054 61.308027 A:(3,5,b7)
61.308027 62.304036 D:(3,5)
62.304036 63.036009 G:(3,5)
63.036009 64.712018 A:(3,5)
64.712018 65.176054 B:(3,5)
65.176054 66.148027 D:(3,5)
66.148027 67.152018 G:(3,5)
67.152018 69.040091 A:(3,5)
69.040091 70.020045 D:(3,5)
70.020045 70.744036 G:(3,5)
70.744036 72.004082 A:(3,5)
72.004082 72.460045 G:(3,5)
72.460045 72.968073 F#:(b3,5)
72.968073 73.948027 D:(3,5)
73.948027 74.664036 G:(3,5)
74.664036 75.912018 A:(3,5)
75.912018 76.372063 G:(3,5)
76.372063 77.884082 F#:(b3,5)
77.884082 78.608073 G:(3,5)
78.608073 79.860045 A:(3,5)
79.860045 80.324082 G:(3,5)
80.324082 81.832018 D:(3,5)
81.832018 82.552018 G:(3,5)
82.552018 84.528073 A:(3,5,b7)
84.528073 96.556009 A:(3,5)
96.556009 97.532063 D:(3,5)
97.532063 98.276009 G:(3,5)
98.276009 99.940045 A:(3,5)
99.940045 100.160000 F#:(b3,5)
100.160000 100.416054 F#:(b3,5,7)
100.416054 100.900045 D:(b3,b5)
100.900045 101.396009 D:(3,5)
101.396009 102.124082 G:(3,5)
102.124082 104.180045 A:(3,5,b7)
104.180045 105.156009 D:(3,5)
105.156009 105.896054 G:(3,5,7)
105.896054 108.020045 A:(3,5,b7)
108.020045 108.752018 D:(3,5)
108.752018 109.716009 G:(3,5)
109.716009 111.524082 A:(3,5,b7)
111.524082 112.500045 D:(b3,5)
112.500045 113.472018 G:(3,5)
113.472018 115.604082 A:(3,5,b7)
115.604082 116.344036 D:(b3,5)
116.344036 117.312018 G:(3,5)
117.312018 119.464036 A:(3,5,b7)
119.464036 120.440000 D:(3,5)
120.440000 121.184036 G:(3,5)
121.184036 123.360000 A:(3,5)
123.360000 124.344036 D:(3,5)
124.344036 125.092063 G:(3,5)
125.092063 126.980045 A:(3,5)
126.980045 128.216054 D:(3,5)
128.216054 128.956009 G:(3,5)
128.956009 130.616054 A:(3,5)
130.616054 131.116009 F#:(b3,5)
131.116009 132.100045 D:(3,5)
132.100045 132.820045 G:(3,5)
132.820045 134.956009 A:(3,5,b7)
134.956009 135.428027 D:(b3,5)
135.428027 135.936054 D:(3,5)
135.936054 136.656054 G:(3,5)
136.656054 145.492063 A:(3,5)
145.492063 145.756009 A#:(3,5)
145.756009 146.060045 B:(3,5)
146.060045 147.644082 D#:(3,5,b7)
147.644082 153.112381 D:(3,5,b7)
