0.000000 0.380045 N
0.380045 2.644082 G:(3,5)
2.644082 4.768073 E:(b3,5)
4.768073 6.924082 G:(3,5)
6.924082 8.876009 E:(b3,5)
8.876009 13.104036 G:(3,5)
13.104036 17.336054 C:(3,5)
17.336054 21.878005 G:(3,5)
21.878005 25.998005 C:(3,5)
25.998005 30.328073 G:(3,5)
30.328073 34.446077 E:(b3,5)
34.446077 38.788027 A:(b3,5)
38.788027 40.656054 G:(3,5)
40.656054 43.064036 E:(b3,5)
43.064036 45.168073 C:(3,5)
45.168073 48.420045 D:(3,5)
48.420045 48.822041 E:(3,5)
48.822041 51.660045 G:(3,5)
51.660045 53.660045 E:(b3,5)
53.660045 56.096054 G:(3,5)
56.096054 58.108027 E:(b3,5)
58.108027 61.972063 C:(3,5)
61.972063 66.804082 G:(3,5)
66.804082 70.352018 C:(3,5)
70.352018 74.908027 G:(3,5)
74.908027 79.244082 E:(b3,5)
79.244082 83.472018 A:(b3,5)
83.472018 85.484082 G:(3,5)
85.484082 87.864036 E:(b3,5)
87.864036 89.992018 C:(3,5)
89.992018 93.240000 D:(3,5)
93.240000 94.478005 F:(3,5)
94.478005 96.520000 G:(3,5)
96.520000 98.744036 E:(b3,5)
98.744036 100.788027 G:(3,5)
100.788027 103.172063 E:(b3,5)
103.172063 105.080091 C:(3,5)
105.080091 106.344036 D:(3,5)
106.344036 111.324082 G:(3,5)
111.324082 113.348027 C:(3,5)
113.348027 114.536054 D:(3,5)
114.536054 119.580045 G:(3,5)
119.580045 124.004082 E:(b3,5)
124.004082 128.304036 A:(b3,5)
128.304036 130.592018 G:(3,5)
130.592018 132.764082 E:(b3,5)
132.764082 134.880000 C:(3,5)
134.880000 138.164082 D:(3,5)
138.164082 141.568073 G:(3,5)
141.568073 143.560000 E:(b3,5)
143.560000 145.752018 G:(3,5)
145.752018 147.904036 E:(b3,5)
147.904036 150.068027 G:(3,5)
150.068027 152.126077 E:(b3,5)
152.126077 153.476009 G:(3,5)
153.476009 158.035011 N
