0.000000 1.048073 N
1.048073 2.636009 A:(b3,5,b7)
2.636009 5.324082 D:(3,5)
5.324082 6.876009 A:(b3,5,b7)
6.876009 8.748027 D:(3,5)
8.748027 10.720000 A:(b3,5)
10.720000 11.444082 D:(3,5)
11.444082 12.792018 G:(3,5)
12.792018 14.004082 D:(3,5)
14.004082 15.064036 F:(3,5)
15.064036 19.692063 G:(3,5)
19.692063 20.360000 F:(3,5)
20.360000 23.332063 G:(3,5)
23.332063 24.684082 D:(3,5,b7)
24.684082 26.012063 F:(3,5)
26.012063 28.532063 G:(3,5)
28.532063 29.460045 D:(3,5,b7)
29.460045 29.824036 G:(3,5)
29.824036 30.792018 F:(3,5)
30.792018 32.628027 G:(3,5)
32.628027 33.592018 C:(3,5)
33.592018 37.976054 D:(3,5)
37.976054 39.320000 G:(3,5)
39.320000 40.660045 E:(b3,5)
40.660045 42.676009 A:(b3,5)
42.676009 43.360000 D:(3,5)
43.360000 44.604082 G:(3,5)
44.604082 45.852063 D:(3,5)
45.852063 47.216054 F:(3,5)
47.216054 51.824036 G:(3,5)
51.824036 52.508027 F:(3,5)
52.508027 55.328073 G:(3,5)
55.328073 56.536054 D:(3,5)
56.536054 57.836009 F:(3,5)
57.836009 58.208073 G:(b3,5)
58.208073 64.804082 G:(3,5)
64.804082 65.788027 C:(3,5,7)
65.788027 67.096054 D:(3,5)
67.096054 72.612063 E:(b3,5,b7)
72.612063 74.484082 A:(b3,5)
74.484082 75.168073 D:(3,5)
75.168073 76.472018 G:(3,5)
76.472018 77.960000 D:(3,5)
77.960000 78.972063 C:(3,5)
78.972063 83.484082 G:(3,5)
83.484082 84.448073 F:(3,5)
84.448073 86.040091 G:(3,5)
86.040091 87.396009 A:(b3,5)
87.396009 88.736054 D:(3,5)
88.736054 89.992018 A:(b3,5)
89.992018 91.340045 D:(3,5)
91.340045 92.584036 G:(b3,5)
92.584036 94.180045 E:(b3,5,b7)
94.180045 95.544036 A:(b3,5)
95.544036 95.896054 F:(3,5)
95.896054 96.904036 D:(3,5)
96.904036 98.100045 G:(3,5)
98.100045 99.448073 D:(3,5,b7)
99.448073 100.828027 F:(3,5)
100.828027 104.984036 G:(3,5)
104.984036 106.340045 F:(3,5)
106.340045 109.024036 G:(3,5)
109.024036 110.236009 D:(3,5)
110.236009 111.528073 F:(3,5)
111.528073 114.356009 G:(3,5)
114.356009 115.700045 D:(3,5,b7)
115.700045 116.900045 F:(3,5)
116.900045 118.600000 G:(3,5)
118.600000 119.680000 C:(3,5,7)
119.680000 123.688073 D:(3,5)
123.688073 126.344036 E:(b3,5)
126.344036 128.248073 A:(b3,5)
128.248073 128.900045 D:(3,5)
128.900045 130.536054 G:(3,5)
130.536054 131.524082 D:(3,5)
131.524082 132.948027 C:(3,5)
132.948027 135.700045 G:(3,5)
135.700045 137.024036 D:(3,5)
137.024036 138.044082 F:(3,5)
138.044082 139.668027 G:(3,5)
139.668027 140.992018 A:(b3,5)
140.992018 142.288073 D:(3,5)
142.288073 143.616054 A:(3,5)
143.616054 144.920000 D:(3,5)
144.920000 145.884082 G:(b3,5)
145.884082 146.240000 G:(3,5)
146.240000 147.936054 E:(b3,5)
147.936054 153.483900 N
