0.000000 1.376054 N
1.376054 3.204082 A#:(3,5)
3.204082 6.840000 A:(3,5)
6.840000 8.520000 A#:(3,5)
8.520000 9.864036 F#:(b3,5)
9.864036 11.192018 B:(3,5,b7)
11.192018 13.832018 E:(3,5)
13.832018 16.552018 D:(3,5)
16.552018 18.832018 E:(3,5)
18.832018 21.832018 D:(3,5)
21.832018 23.192018 B:(3,5,b7)
23.192018 24.520000 A:(b3,5)
24.520000 26.168073 E:(3,5)
26.168073 26.820045 F#:(3,5,b7)
26.820045 28.576054 B:(3,5,b7)
28.576054 29.872018 A:(b3,5)
29.872018 32.488073 E:(3,5)
32.488073 33.872018 A:(3,5,7)
33.872018 35.212063 B:(3,5,b7)
35.212063 37.208073 F:(3,5)
37.208073 37.544036 G:(3,5)
37.544036 40.512018 E:(b3,5)
40.512018 42.180045 A:(3,5)
42.180045 43.168073 N
43.168073 45.852063 E:(3,5)
45.852063 48.548027 D:(3,5)
48.548027 50.868027 E:(3,5)
50.868027 51.528073 G:(3,5)
51.528073 53.700045 D:(3,5)
53.700045 54.716009 A:(3,5)
54.716009 56.488073 A#:(3,5)
56.488073 60.160000 A:(3,5)
60.160000 62.200000 A#:(3,5)
62.200000 62.896054 C:(3,5,b7)
62.896054 63.832018 Ab:(3,#5)
63.832018 65.180045 F#:(b3,5)
65.180045 66.512018 B:(3,5)
66.512018 69.176054 E:(3,5)
69.176054 71.492063 D:(3,5)
71.492063 71.812063 A:(3,5)
71.812063 74.500045 E:(3,5)
74.500045 77.180045 D:(3,5)
77.180045 79.856054 E:(3,5)
79.856054 82.480000 D:(3,5)
82.480000 85.136054 E:(3,5)
85.136054 87.884082 D:(3,5)
87.884082 89.212063 B:(b3,5)
89.212063 90.532063 A:(b3,5)
90.532063 93.180045 E:(b3,5)
93.180045 94.464036 B:(b3,5)
94.464036 94.840000 A:(b3,5)
94.840000 95.868027 A:(3,5,7)
95.868027 98.152018 E:(b3,5)
98.152018 98.848073 G:(b3,b5)
98.848073 99.816054 A:(3,5)
99.816054 101.208073 B:(3,5)
101.208073 103.864036 F:(3,5)
103.864036 104.512018 E:(b3,b5)
104.512018 106.556009 E:(b3,5)
106.556009 109.532063 A:(3,5)
109.532063 110.532063 E:(3,5)
110.532063 111.860045 E:(b3,5)
111.860045 112.872018 D:(3,5)
112.872018 113.188027 B:(3,5,b7)
113.188027 114.504036 D:(3,5)
114.504036 115.896054 E:(3,5)
115.896054 117.180045 E:(b3,5)
117.180045 119.832018 D:(3,5)
119.832018 121.208073 E:(3,5)
121.208073 122.544036 E:(b3,5)
122.544036 125.176054 D:(3,5)
125.176054 126.500045 E:(3,5)
126.500045 127.860045 E:(b3,5)
127.860045 130.488073 D:(3,5)
130.488073 131.864036 E:(3,5)
131.864036 133.196009 E:(b3,5)
133.196009 135.176054 D:(3,5)
135.176054 135.492063 A:(3,5)
135.492063 137.528073 E:(3,5)
137.528073 138.532063 E:(b3,5)
138.532063 141.168073 D:(3,5)
141.168073 142.516009 E:(3,5,7)
142.516009 143.848073 E:(b3,5)
143.848073 146.528073 D:(3,5)
146.528073 146.868027 E:(b3,b5)
146.868027 147.856054 E:(3,5,7)
147.856054 149.196009 E:(b3,5)
149.196009 149.888073 D:(3,5)
149.888073 151.848073 D:(3,5,7)
151.848073 154.500045 E:(3,5)
154.500045 157.184036 D:(3,5)
157.184036 159.540045 E:(3,5)
159.540045 162.508027 D:(3,5)
162.508027 164.852063 E:(3,5)
164.852063 165.172063 E:(b3,5)
165.172063 167.492063 D:(3,5)
167.492063 170.496054 E:(3,5)
170.496054 173.188027 D:(3,5)
173.188027 174.184036 A:(3,5)
174.184036 176.860045 A#:(3,5)
176.860045 178.536054 C:(3,5)
178.536054 183.816054 E:(3,5)
183.816054 186.084717 N
