0.000000 4.496054 N
4.496054 5.392018 D:(3,5)
5.392018 6.484082 A:(3,5)
6.484082 7.496054 D:(3,5,b7)
7.496054 8.460045 A:(3,5,b7)
8.460045 10.052063 D:(3,5,7)
10.052063 11.684082 E:(b3,b5)
11.684082 13.208073 A:(b3,5)
13.208073 15.628027 G:(3,5)
15.628027 16.132063 A:(3,5)
16.132063 16.644082 E:(3,5)
16.644082 17.136054 A:(3,5)
17.136054 20.560000 G:(3,5)
20.560000 21.024036 A:(3,5)
21.024036 21.760091 D:(b3,5,7)
21.760091 22.232018 D:(3,5,7)
22.232018 24.960000 D:(3,5)
24.960000 26.204082 E:(3,5)
26.204082 26.680000 D:(b3,b5)
26.680000 27.684082 A:(3,5,b7)
27.684082 28.448073 E:(b3,5)
28.448073 29.476009 D:(3,5)
29.476009 29.944036 E:(3,5)
29.944036 30.924082 A:(3,5)
30.924082 31.708027 D:(3,5)
31.708027 32.416054 A:(3,5)
32.416054 34.556009 N
34.556009 35.280000 E:(b3,5)
35.280000 37.792018 G:(3,5)
37.792018 39.544036 A:(3,5)
39.544036 40.272018 E:(b3,5)
40.272018 41.800000 G:(3,5)
41.800000 42.664036 G:(3,5,7)
42.664036 43.784036 A:(3,5,7)
43.784036 44.720000 D:(3,5)
44.720000 45.812063 A:(b3,5)
45.812063 46.220045 D:(3,5,b7)
46.220045 46.608073 F#:(b3,5)
46.608073 47.540045 A:(3,5)
47.540045 49.780045 A:(3,5,7)
49.780045 50.236009 D:(3,5)
50.236009 50.668027 F#:(b3,5)
50.668027 51.552018 A:(3,5)
51.552018 52.280000 D:(3,5)
52.280000 53.192018 A:(3,5)
53.192018 54.644082 N
54.644082 55.148027 A:(3,5)
55.148027 55.388027 D:(b3,5)
55.388027 56.112018 E:(b3,5)
56.112018 58.620045 G:(3,5)
58.620045 60.372063 A:(3,5)
60.372063 61.084082 E:(b3,5,b7)
61.084082 62.384036 G:(3,5,7)
62.384036 63.556009 G:(3,5)
63.556009 65.504036 A:(3,5,b7)
65.504036 67.968073 D:(3,5)
67.968073 69.216054 E:(3,5)
69.216054 71.432018 N
71.432018 72.300045 D:(3,5)
72.300045 72.920000 E:(3,5)
72.920000 73.904036 A:(3,5)
73.904036 74.408073 D:(3,5)
74.408073 76.040091 D:(3,5,7)
76.040091 76.704036 D:(b3,5,7)
76.704036 77.632018 D:(3,5,7)
77.632018 78.364082 E:(b3,5,b7)
78.364082 80.800000 G:(3,5,7)
80.800000 83.284082 A:(3,5,b7)
83.284082 85.568073 G:(3,5)
85.568073 87.940045 A:(3,5)
87.940045 88.512018 A:(3,#5)
88.512018 88.720000 A:(3,5,b7)
88.720000 89.700045 D:(3,5,b7)
89.700045 90.736054 A:(3,5)
90.736054 91.688073 D:(3,5)
91.688073 92.444082 A:(3,5)
92.444082 93.380045 D:(3,5)
93.380045 94.560000 A:(3,5)
94.560000 95.572063 D:(3,5)
95.572063 96.108027 A:(3,5)
96.108027 97.272018 D:(b3,5)
97.272018 98.004082 A:(3,5)
98.004082 101.496054 G:(3,5)
101.496054 102.952018 A:(3,5)
102.952018 106.324082 G:(3,5)
106.324082 107.084082 A:(3,5)
107.084082 108.048073 A:(3,#5)
108.048073 110.748027 D:(3,5)
110.748027 111.960000 E:(3,5)
111.960000 112.456054 D:(b3,b5)
112.456054 113.204082 A:(3,5)
113.204082 114.476009 E:(3,5,b7)
114.476009 115.680000 D:(3,5)
115.680000 116.652063 A:(3,5)
116.652063 117.440000 D:(3,5)
117.440000 120.320000 A:(3,5,b7)
120.320000 121.308027 D:(3,5,7)
121.308027 122.048073 A:(3,5)
122.048073 124.204082 A:(3,5,b7)
124.204082 125.188027 D:(3,5,7)
125.188027 126.172063 A:(3,5)
126.172063 127.328073 D:(b3,5)
127.328073 129.016054 D:(3,5,7)
129.016054 129.908027 A:(3,5,b7)
129.908027 131.120000 D:(3,5,7)
131.120000 132.168073 A:(3,5,7)
132.168073 132.876009 D:(3,5,b7)
132.876009 133.892063 A:(3,5,b7)
133.892063 135.048073 D:(3,5,b7)
135.048073 135.764082 A:(3,5,b7)
135.764082 137.028027 D:(3,5,7)
137.028027 139.804082 A:(3,5)
139.804082 140.752018 D:(3,5,b7)
140.752018 141.948027 A:(3,5,b7)
141.948027 142.780045 D:(3,5,b7)
142.780045 146.188027 A:(3,5,b7)
146.188027 148.404082 D:(3,5,b7)
148.404082 153.320000 A:(3,5,b7)
153.320000 161.332245 N
