0.000000 0.392018 N
0.392018 7.920000 E:(3,5,7)
7.920000 8.420045 E:(3,5)
8.420045 9.864036 B:(3,5)
9.864036 12.000000 F#:(3,5)
12.000000 13.928073 B:(3,5)
13.928073 16.298050 F#:(3,5)
16.298050 20.710023 E:(3,5)
20.710023 21.600091 A:(3,5)
21.600091 22.346032 F#:(3,5,b7)
22.346032 24.624036 B:(3,5,b7)
24.624036 26.484082 E:(3,5)
26.484082 29.816054 A:(3,5)
29.816054 30.580045 F#:(3,5,b7)
30.580045 32.880000 B:(3,5,b7)
32.880000 34.708027 E:(3,5)
34.708027 36.708027 A:(3,5)
36.708027 38.372063 B:(3,5)
38.372063 40.468027 F#:(3,5)
40.468027 42.472018 B:(3,5)
42.472018 44.876009 F#:(3,5)
44.876009 47.436009 E:(3,5)
47.436009 49.238005 E:(3,5,b7)
49.238005 50.084082 A:(3,5,7)
50.084082 50.338050 C#:(b3,b5,b7)
50.338050 51.200000 F#:(3,5,b7)
51.200000 53.332063 B:(3,5,b7)
53.332063 54.318005 E:(3,5)
54.318005 55.356009 E:(3,5,b7)
55.356009 57.388027 A:(3,5,b7)
57.388027 58.396009 D:(3,5)
58.396009 59.468027 B:(3,5)
59.468027 61.572063 E:(3,5)
61.572063 63.640000 A:(3,5,b7)
63.640000 65.680091 D:(3,5)
65.680091 67.224036 B:(3,5)
67.224036 69.268027 F#:(3,5)
69.268027 71.312018 B:(3,5)
71.312018 73.344036 F#:(3,5)
73.344036 74.092063 B:(3,5)
74.092063 76.206077 E:(3,5)
76.206077 77.480000 E:(3,5,b7)
77.480000 79.016054 A:(b3,5)
79.016054 80.048073 F#:(3,5,b7)
80.048073 82.120000 B:(3,5,b7)
82.120000 84.124082 E:(3,5)
84.124082 87.268027 A:(3,5)
87.268027 88.284082 F#:(3,5,b7)
88.284082 90.340045 B:(3,5,b7)
90.340045 92.108027 E:(3,5)
92.108027 94.436009 A:(3,5)
94.436009 95.828027 B:(3,5)
95.828027 97.852063 F#:(3,5)
97.852063 100.032018 B:(3,5)
100.032018 102.100045 F#:(3,5)
102.100045 102.592018 B:(3,5)
102.592018 106.184036 E:(3,5)
106.184036 107.700045 B:(3,5)
107.700045 109.672018 F#:(3,5)
109.672018 111.708027 B:(3,5)
111.708027 113.948027 F#:(3,5)
113.948027 117.744036 E:(3,5)
117.744036 120.308027 F:(3,5)
120.308027 129.753107 F:(3,5,b7)
