0.000000 0.768073 N
0.768073 10.428027 E:(3,5)
10.428027 13.404082 C:(3,5)
13.404082 16.276009 E:(3,5)
16.276009 19.048073 C:(3,5)
19.048073 21.984036 B:(3,5,b7)
21.984036 31.136054 E:(3,5)
31.136054 33.668027 A:(3,5)
33.668027 36.460045 E:(3,5)
36.460045 39.316009 B:(3,5,b7)
39.316009 45.212063 E:(3,5)
45.212063 48.188027 C:(3,5)
48.188027 51.112018 E:(3,5)
51.112018 53.916009 C:(3,5)
53.916009 54.652063 B:(3,5,b7)
54.652063 56.908027 F#:(b3,5,b7)
56.908027 65.688073 E:(3,5)
65.688073 68.560000 A:(3,5)
68.560000 71.620045 E:(3,5)
71.620045 74.416054 B:(3,5,b7)
74.416054 80.320000 E:(3,5)
80.320000 83.256054 C:(3,5)
83.256054 86.216054 E:(3,5)
86.216054 87.652063 C:(3,5)
87.652063 89.084082 B:(3,5,b7)
89.084082 94.996009 E:(3,5)
94.996009 97.960000 A:(3,5)
97.960000 101.088073 E:(3,5)
101.088073 103.884082 B:(3,5,b7)
103.884082 109.808073 E:(3,5)
109.808073 112.832018 C:(3,5)
112.832018 115.684082 E:(3,5)
115.684082 118.628027 C:(3,5)
118.628027 121.596009 F#:(b3,5,b7)
121.596009 130.560000 E:(3,5)
130.560000 133.116009 A:(3,5)
133.116009 136.524082 E:(3,5)
136.524082 139.356009 B:(3,5,b7)
139.356009 145.300045 E:(3,5)
145.300045 148.220045 C:(3,5)
148.220045 151.192018 E:(3,5)
151.192018 152.672018 C:(3,5)
152.672018 153.400000 B:(3,5,b7)
153.400000 160.008073 E:(3,5)
160.008073 162.248073 A:(3,5)
162.248073 165.912018 E:(3,5)
165.912018 166.664036 B:(b3,5,b7)
166.664036 168.896054 B:(3,5,b7)
168.896054 174.452063 E:(3,5)
174.452063 179.583129 N
