0.000000 0.948027 N
0.948027 2.628027 C#:(3,5)
2.628027 4.836009 F#:(3,5)
4.836009 5.500045 D#:(b3,5)
5.500045 7.132063 Ab:(3,5)
7.132063 7.728073 D#:(b3,5)
7.728073 9.312018 C#:(3,5)
9.312018 9.860045 F#:(3,5)
9.860045 11.544036 C#:(3,5)
11.544036 12.152018 B:(3,5,7)
12.152018 13.768073 F#:(3,5)
13.768073 14.324082 D#:(b3,5)
14.324082 15.904036 Ab:(b3,5)
15.904036 16.480000 B:(3,5,7)
16.480000 18.132063 C#:(3,5,7)
18.132063 18.680000 F#:(3,5)
18.680000 20.556009 C#:(3,5)
20.556009 22.544036 F#:(3,5)
22.544036 23.028027 D#:(b3,5)
23.028027 23.576054 Ab:(3,5)
23.576054 24.628027 D:(b3,b5)
24.628027 25.152018 B:(3,5)
25.152018 26.212063 C#:(3,5)
26.212063 27.256054 F#:(3,5)
27.256054 29.048073 C#:(3,5)
29.048073 29.304036 B:(3,5)
29.304036 31.208073 F#:(3,5)
31.208073 31.656054 D#:(b3,5)
31.656054 33.018050 Ab:(3,5)
33.018050 33.812063 Ab:(b3,5,b7)
33.812063 35.964082 C#:(3,5)
35.964082 37.604082 F#:(3,5)
37.604082 42.468027 C#:(3,5)
42.468027 46.478005 F#:(3,5)
46.478005 51.028027 C#:(3,5)
51.028027 53.152018 F#:(3,5)
53.152018 54.544036 C#:(3,5)
54.544036 54.820045 A:(3,5)
54.820045 55.064036 B:(3,5)
55.064036 57.004082 F#:(3,5)
57.004082 59.144036 N
59.144036 59.696054 B:(3,5,7)
59.696054 61.060045 C#:(3,5,b7)
61.060045 61.924082 F#:(3,5)
61.924082 63.492063 C#:(3,5)
63.492063 64.052063 B:(3,5)
64.052063 65.592018 F#:(3,5)
65.592018 71.004082 Gb:(3,5,7)
71.004082 76.976054 C#:(3,5)
76.976054 80.970068 F#:(3,5)
80.970068 85.508027 C#:(3,5)
85.508027 87.652063 Gb:(3,5,7)
87.652063 89.328073 C#:(3,5)
89.328073 91.504036 F#:(3,5)
91.504036 94.300045 Ab:(3,5,b7)
94.300045 95.928073 C#:(3,5)
95.928073 96.480000 F#:(3,5)
96.480000 98.064036 C#:(3,5)
98.064036 100.272018 F#:(3,5)
100.272018 100.872018 D#:(b3,5)
100.872018 105.300045 Ab:(3,5,b7)
105.300045 107.154014 C#:(3,5)
107.154014 109.604082 F#:(3,5)
109.604082 110.950023 Ab:(3,5)
110.950023 111.776054 Ab:(3,5,b7)
111.776054 113.380045 C#:(3,5)
113.380045 113.932063 F#:(3,5)
113.932063 115.814059 C#:(3,5)
115.814059 118.248073 Gb:(3,5,7)
118.248073 120.408073 Ab:(3,5,b7)
120.408073 122.322086 C#:(3,5)
122.322086 124.228027 F#:(3,5)
124.228027 128.798005 C#:(3,5)
128.798005 131.724082 F#:(3,5)
131.724082 137.360091 C#:(3,5)
137.360091 141.384036 F#:(3,5)
141.384036 146.144036 C#:(3,5)
146.144036 149.134059 F#:(3,5)
149.134059 154.540045 C#:(3,5)
154.540045 160.403447 N
