0.000000 2.864036 N
2.864036 10.332063 E:(3,5,b7)
10.332063 12.608073 E:(3,5)
12.608073 16.932063 A:(3,5)
16.932063 22.060045 E:(3,5,b7)
22.060045 24.048073 G:(3,5)
24.048073 27.560000 N
27.560000 28.804082 E:(3,5)
28.804082 30.024036 A:(3,5)
30.024036 31.152018 E:(3,5)
31.152018 32.312018 B:(3,5)
32.312018 32.764082 E:(3,5)
32.764082 41.720000 E:(3,5,b7)
41.720000 46.460045 A:(3,5)
46.460045 51.196009 E:(3,5)
51.196009 52.812063 G:(3,5)
52.812063 53.176054 A:(3,5)
53.176054 54.788027 B:(3,5)
54.788027 56.860045 N
56.860045 58.068027 E:(3,5)
58.068027 59.284082 A:(3,5)
59.284082 60.444082 E:(3,5)
60.444082 61.596009 B:(3,5)
61.596009 62.016054 E:(3,5)
62.016054 70.992018 E:(3,5,b7)
70.992018 75.352018 A:(3,5)
75.352018 80.480000 E:(3,5)
80.480000 82.496054 G:(3,5)
82.496054 86.168073 N
86.168073 87.264036 E:(3,5)
87.264036 88.440000 A:(3,5)
88.440000 89.588027 E:(3,5)
89.588027 90.808073 B:(3,5)
90.808073 91.236009 E:(3,5)
91.236009 98.244082 N
98.244082 100.452063 E:(3,5)
100.452063 104.700045 A:(3,5)
104.700045 108.992018 E:(3,5)
108.992018 115.324082 N
115.324082 116.516009 E:(3,5)
116.516009 117.724082 A:(3,5)
117.724082 118.512018 E:(3,5)
118.512018 120.060045 B:(3,5)
120.060045 129.664036 E:(3,5,b7)
129.664036 132.988027 A:(3,5)
132.988027 137.580045 E:(3,5,b7)
137.580045 138.616054 B:(b3,5)
138.616054 143.224036 N
143.224036 144.700045 E:(3,5)
144.700045 145.856054 A:(3,5)
145.856054 147.472018 B:(3,5)
147.472018 156.680000 E:(b3,5,b7)
156.680000 160.388027 A:(3,5,b7)
160.388027 165.552018 E:(b3,5)
165.552018 166.656054 G:(b3,5)
166.656054 173.108027 E:(b3,5)
173.108027 179.636009 E:(3,5,b7)
179.636009 182.952018 E:(3,5)
182.952018 187.352018 A:(3,5)
187.352018 191.996009 E:(b3,5,b7)
191.996009 198.076009 N
198.076009 207.372063 E:(3,5)
207.372063 211.644082 A:(3,5)
211.644082 216.780045 E:(3,5)
216.780045 218.688073 G:(3,5)
218.688073 219.076009 A:(b3,5,b7)
219.076009 221.956009 B:(3,5,b7)
221.956009 223.520000 E:(3,5)
223.520000 224.744036 A:(3,5)
224.744036 225.868027 E:(3,5)
225.868027 227.008073 B:(3,5)
227.008073 236.496054 E:(3,5)
236.496054 238.440000 A:(3,5)
238.440000 241.069569 N
