0.000000 9.726077 N
9.726077 10.648073 D:(3,5)
10.648073 14.476009 D:(3,5,7)
14.476009 18.334059 E:(3,5,7)
18.334059 19.272018 E:(b3,5)
19.272018 28.264036 A:(3,5)
28.264036 28.836009 A:(b3,5)
28.836009 30.668027 A:(3,5)
30.668027 31.240000 E:(3,5)
31.240000 33.358005 B:(b3,5)
33.358005 35.708027 E:(3,5)
35.708027 37.268027 F#:(b3,5)
37.268027 37.828027 B:(b3,5)
37.828027 38.428027 C#:(b3,5)
38.428027 40.248073 F#:(b3,5)
40.248073 40.548027 F#:(b3,b5)
40.548027 40.848073 F#:(3,5,b7)
40.848073 42.938050 B:(b3,5)
42.938050 45.384036 C#:(b3,5)
45.384036 46.876009 F#:(b3,5)
46.876009 48.044082 A:(3,#5)
48.044082 48.952018 D:(3,5)
48.952018 50.480000 D:(3,5,7)
50.480000 52.564082 D:(3,5)
52.564082 56.880000 E:(3,5)
56.880000 57.508027 F#:(3,5)
57.508027 62.172063 G:(3,5,7)
62.172063 69.632018 A:(3,5)
69.632018 74.178050 B:(b3,5)
74.178050 75.632018 F#:(b3,5)
75.632018 76.244082 B:(b3,5)
76.244082 76.844082 C#:(b3,5)
76.844082 78.680091 F#:(b3,5)
78.680091 81.308027 B:(b3,5)
81.308027 83.364082 C#:(b3,5)
83.364082 85.590023 F#:(b3,5)
85.590023 86.448073 A:(3,5)
86.448073 87.344036 D:(3,5)
87.344036 88.482086 D:(3,5,7)
88.482086 91.246077 D:(3,5)
91.246077 96.060045 E:(3,5)
96.060045 100.852063 G:(3,5)
100.852063 103.528073 A:(3,5)
103.528073 110.504036 C#:(3,5)
110.504036 115.220045 F#:(3,5,b7)
115.220045 120.076009 C#:(3,5)
120.076009 121.284082 D:(3,5)
121.284082 122.452063 D:(3,5,b7)
122.452063 124.562086 C#:(3,5)
124.562086 127.276009 B:(3,5)
127.276009 129.676009 A:(3,5)
129.676009 134.448073 B:(b3,5)
134.448073 135.668027 F#:(b3,5)
135.668027 136.276009 B:(b3,5)
136.276009 136.852063 C#:(b3,5)
136.852063 139.244082 F#:(b3,5)
139.244082 141.636009 B:(b3,5)
141.636009 142.796009 C#:(b3,5)
142.796009 145.280000 F#:(b3,5)
145.280000 146.448073 A:(3,5)
146.448073 147.360091 D:(3,5)
147.360091 148.882086 D:(3,5,7)
148.882086 151.248073 D:(3,5)
151.248073 155.320000 E:(3,5,b7)
155.320000 155.916009 C:(3,5)
155.916009 160.824036 G:(3,5)
160.824036 165.620045 A:(3,5)
165.620045 166.532063 D:(3,5)
166.532063 168.052063 D:(3,5,7)
168.052063 170.436009 D:(3,5)
170.436009 171.764082 E:(3,5)
171.764082 175.268027 E:(b3,5)
175.268027 180.060045 G:(3,5)
180.060045 183.964082 A:(3,5)
183.964082 188.460045 C#:(3,5)
188.460045 189.328073 G:(3,5,b7)
189.328073 190.856054 F#:(3,5,b7)
190.856054 192.044082 N
192.044082 193.256054 F#:(3,5,b7)
193.256054 194.304036 C:(3,5,b7)
194.304036 198.330068 C#:(3,5)
198.330068 198.932063 C:(3,5)
198.932063 201.668027 D:(3,5)
201.668027 203.460045 C#:(3,5)
203.460045 204.052063 A:(3,5)
204.052063 208.852063 D:(3,5)
208.852063 213.640000 E:(3,5,b7)
213.640000 216.060045 G:(3,5)
216.060045 218.528073 G:(3,5,7)
218.528073 226.508027 A:(3,5)
226.508027 226.872018 Ab:(3,5)
226.872018 227.984036 G:(b3,5)
227.984036 230.652063 F#:(3,5)
230.652063 234.428662 N
