0.000000 0.436009 N
0.436009 1.256054 D:(3,5)
1.256054 2.632018 A:(3,5)
2.632018 4.466032 A:(3,5,7)
4.466032 6.296054 A:(3,5)
6.296054 8.262041 B:(3,5,b7)
8.262041 8.770068 D:(3,5)
8.770068 9.798005 D:(3,5,7)
9.798005 10.314014 D:(3,5)
10.314014 14.324082 A:(3,5)
14.324082 16.340045 B:(3,5,b7)
16.340045 18.398005 D:(3,5)
18.398005 19.668027 A:(3,5)
19.668027 22.488073 A:(3,5,b7)
22.488073 24.484082 D:(3,5)
24.484082 26.532063 D:(b3,5)
26.532063 30.856054 A:(3,5)
30.856054 32.618050 B:(3,5,b7)
32.618050 33.672018 B:(b3,5,b7)
33.672018 35.872018 A:(3,5)
35.872018 36.852063 A:(3,5,7)
36.852063 37.672018 D:(3,5)
37.672018 39.936054 A:(3,5)
39.936054 41.190023 A:(3,5,7)
41.190023 42.444082 A:(3,5)
42.444082 44.714014 B:(3,5,b7)
44.714014 46.832018 D:(3,5)
46.832018 50.934059 A:(3,5)
50.934059 52.994014 B:(3,5,b7)
52.994014 55.114014 D:(3,5)
55.114014 56.126077 A:(3,5)
56.126077 59.228027 A:(3,5,b7)
59.228027 61.266032 D:(3,5)
61.266032 63.338050 D:(b3,5)
63.338050 67.474014 A:(3,5)
67.474014 69.772063 B:(3,5,b7)
69.772063 70.580045 B:(b3,5,b7)
70.580045 73.848073 A:(3,5)
73.848073 74.408073 B:(b3,5)
74.408073 76.924082 A:(3,5)
76.924082 77.904036 B:(3,5,b7)
77.904036 80.008073 B:(b3,5)
80.008073 84.164082 D:(b3,b5)
84.164082 86.212063 A:(3,5)
86.212063 90.388027 B:(3,5,b7)
90.388027 94.528073 E:(3,5,b7)
94.528073 96.364082 A:(3,5)
96.364082 98.444082 B:(3,5,b7)
98.444082 100.570068 D:(3,5)
100.570068 104.892063 A:(3,5)
104.892063 106.808073 B:(3,5,b7)
106.808073 108.916009 D:(3,5)
108.916009 110.468027 A:(3,5)
110.468027 113.108027 A:(3,5,b7)
113.108027 115.178050 D:(3,5)
115.178050 117.322086 D:(b3,5)
117.322086 121.548027 A:(3,5)
121.548027 123.648073 B:(3,5,b7)
123.648073 124.726077 B:(b3,5,b7)
124.726077 126.520000 A:(3,5)
126.520000 127.540045 D:(3,5)
127.540045 128.016054 A:(3,5)
128.016054 128.836009 D:(3,5)
128.836009 132.144036 A:(3,5)
132.144036 134.264036 B:(b3,5)
134.264036 136.030023 B:(b3,b5,b7)
136.030023 138.416054 D:(b3,b5)
138.416054 140.500045 A:(3,5)
140.500045 144.732063 B:(3,5,b7)
144.732063 147.086077 B:(b3,5,b7)
147.086077 148.630023 E:(3,5,b7)
148.630023 151.048073 A:(3,5)
151.048073 152.870023 B:(3,5,b7)
152.870023 155.004082 D:(3,5)
155.004082 159.228027 A:(3,5)
159.228027 161.328073 A:(3,5,7)
161.328073 163.426032 D:(3,5)
163.426032 167.576054 A:(3,5)
167.576054 169.714014 D:(3,5)
169.714014 171.906032 D:(b3,5)
171.906032 176.150023 A:(3,5)
176.150023 178.220045 B:(3,5,b7)
178.220045 179.328073 D:(3,5)
179.328073 188.904036 A:(3,5)
188.904036 190.764082 B:(3,5,b7)
190.764082 192.878005 D:(3,5)
192.878005 197.828027 A:(3,5)
197.828027 202.570884 N
