0.000000 0.584036 N
0.584036 1.092063 E:(3,5)
1.092063 2.624036 A:(3,5)
2.624036 3.128073 E:(3,5)
3.128073 4.620045 A:(3,5)
4.620045 5.132063 E:(3,5)
5.132063 6.148027 A:(3,5)
6.148027 6.616054 N
6.616054 7.120000 E:(3,5)
7.120000 8.412063 A:(3,5)
8.412063 11.100045 E:(3,5)
11.100045 11.612063 A:(3,5)
11.612063 12.166077 D:(3,5)
12.166077 17.008073 E:(3,5,b7)
17.008073 17.830023 A:(3,5)
17.830023 18.984036 E:(3,5)
18.984036 24.460045 A:(3,5)
24.460045 28.580045 D:(3,5)
28.580045 32.196009 B:(3,5)
32.196009 33.464036 E:(3,5)
33.464036 34.344036 D:(3,5)
34.344036 34.896054 G:(3,5)
34.896054 36.428027 G:(b3,5)
36.428027 37.236009 E:(3,5)
37.236009 38.008073 G:(3,5)
38.008073 39.580045 D:(3,5)
39.580045 40.052063 E:(3,#5,b7)
40.052063 54.872018 E:(3,5)
54.872018 55.856054 N
55.856054 60.254059 E:(3,5)
60.254059 64.366077 A:(3,5)
64.366077 68.516009 D:(3,5)
68.516009 72.132063 B:(3,5)
72.132063 73.396009 E:(3,5)
73.396009 74.034014 D:(3,5)
74.034014 75.486077 G:(3,5)
75.486077 76.228027 N
76.228027 76.998005 E:(3,5)
76.998005 77.752018 G:(3,5)
77.752018 79.944036 D:(3,5)
79.944036 84.708027 E:(3,5)
84.708027 85.476009 A:(3,5)
85.476009 86.688073 E:(3,5)
86.688073 87.464036 A:(3,5)
87.464036 88.728073 E:(3,5)
88.728073 89.756009 A:(3,5)
89.756009 90.660045 E:(3,5)
90.660045 91.260045 A:(3,5)
91.260045 91.752018 D:(3,5)
91.752018 92.926077 E:(3,5)
92.926077 93.656054 N
93.656054 98.852063 E:(3,5)
98.852063 100.358005 A:(3,5,7)
100.358005 104.248073 A:(3,5)
104.248073 108.336054 D:(3,5)
108.336054 112.218050 B:(3,5)
112.218050 113.208073 E:(3,5)
113.208073 113.754014 D:(3,5)
113.754014 115.374059 G:(3,5)
115.374059 117.700045 N
117.700045 118.948027 D:(3,5)
118.948027 125.876009 N
125.876009 131.960000 D:(3,5)
131.960000 136.576054 E:(b3,5)
136.576054 137.422041 A:(3,5)
137.422041 140.818050 E:(3,5,b7)
140.818050 141.544036 A:(3,5)
141.544036 142.776054 E:(3,5)
142.776054 144.799637 N
