0.000000 0.068027 N
0.068027 1.464036 Ab:(3,5)
1.464036 2.812063 D#:(3,5)
2.812063 4.120000 Ab:(3,5)
4.120000 5.420045 D#:(3,5)
5.420045 6.704036 Ab:(3,5)
6.704036 8.152018 D#:(3,5)
8.152018 9.224036 Ab:(3,5)
9.224036 10.840000 D#:(3,5)
10.840000 12.184036 Ab:(3,5)
12.184036 13.444082 D#:(3,5)
13.444082 14.696054 F:(b3,5)
14.696054 15.996009 A#:(3,5)
15.996009 17.524082 F:(b3,5)
17.524082 18.876009 A#:(3,5)
18.876009 20.244082 D#:(3,5)
20.244082 20.932063 D#:(b3,5)
20.932063 21.616054 D#:(3,5)
21.616054 22.968073 Ab:(3,5)
22.968073 24.284082 D#:(3,5)
24.284082 25.576054 Ab:(3,5)
25.576054 26.912018 D#:(3,5)
26.912018 28.260045 Ab:(3,5)
28.260045 29.608073 D#:(3,5)
29.608073 30.912018 Ab:(3,5)
30.912018 32.236009 D#:(3,5)
32.236009 33.560000 Ab:(3,5)
33.560000 34.880000 D#:(3,5)
34.880000 36.216054 F:(b3,5)
36.216054 37.552018 A#:(3,5)
37.552018 38.864036 E#:(b3,5,b7)
38.864036 40.200091 A#:(3,5)
40.200091 41.468027 D#:(3,5)
41.468027 42.792018 D#:(3,5,b7)
42.792018 44.140045 Ab:(3,5)
44.140045 45.392018 D#:(3,5)
45.392018 46.668027 Ab:(3,5)
46.668027 47.956009 C:(3,5)
47.956009 49.316009 A#:(b3,5)
49.316009 50.544036 C:(3,5)
50.544036 51.796009 C#:(3,5)
51.796009 53.192018 Ab:(3,5)
53.192018 57.192018 D#:(3,5)
57.192018 58.304036 D#:(b3,5)
58.304036 59.600000 A#:(b3,5)
59.600000 60.860045 C:(3,5)
60.860045 62.112018 C#:(3,5)
62.112018 65.964082 D#:(3,5)
65.964082 69.800000 Ab:(3,5)
69.800000 71.052063 D#:(3,5)
71.052063 72.380045 Ab:(3,5)
72.380045 73.672018 D#:(3,5)
73.672018 74.980045 F:(b3,5)
74.980045 76.268027 A#:(3,5)
76.268027 77.552018 F:(b3,5)
77.552018 78.836009 A#:(3,5)
78.836009 79.484082 D#:(3,5)
79.484082 80.108027 F:(b3,b5)
80.108027 80.756009 F#:(b3,b5)
80.756009 81.388027 D#:(3,5)
81.388027 82.640000 Ab:(3,5)
82.640000 83.944036 D#:(3,5)
83.944036 85.196009 Ab:(3,5)
85.196009 86.492063 D#:(3,5)
86.492063 87.740045 Ab:(3,5)
87.740045 89.044082 D#:(3,5)
89.044082 90.348027 Ab:(3,5)
90.348027 91.580045 D#:(3,5)
91.580045 92.856054 Ab:(3,5)
92.856054 93.928073 D#:(3,5)
93.928073 95.316009 E#:(b3,5,b7)
95.316009 96.664036 A#:(3,5,b7)
96.664036 98.060045 F:(b3,5)
98.060045 99.336054 A#:(3,5,b7)
99.336054 99.972063 D#:(3,5)
99.972063 100.616054 C#:(3,5)
100.616054 101.244082 F#:(b3,b5)
101.244082 101.932063 D#:(3,5)
101.932063 103.236009 Ab:(3,5)
103.236009 104.516009 D#:(3,5)
104.516009 105.828027 Ab:(b3,5)
105.828027 107.112018 D#:(3,5)
107.112018 108.384036 Ab:(b3,5)
108.384036 109.012063 D#:(3,5)
109.012063 109.664036 D#:(3,5,b7)
109.664036 110.972063 A#:(3,5,b7)
110.972063 113.920000 D#:(3,5)
113.920000 114.220045 Ab:(b3,5)
114.220045 118.080000 A:(3,5)
118.080000 121.412063 E:(3,5)
121.412063 124.319637 N
