0.000000 3.644082 N
3.644082 5.128073 C#:(3,5,b7)
5.128073 16.548027 F#:(3,5)
16.548027 20.520000 B:(3,5)
20.520000 24.256054 F#:(3,5)
24.256054 31.584036 D#:(b3,5)
31.584036 35.316009 B:(3,5)
35.316009 38.472018 F#:(3,5)
38.472018 38.932063 Ab:(3,5)
38.932063 39.356009 A#:(3,5)
39.356009 43.140045 B:(3,5)
43.140045 44.528073 F#:(3,5)
44.528073 46.916009 D#:(3,5,b7)
46.916009 48.552018 Ab:(b3,5)
48.552018 50.036009 C#:(3,5,b7)
50.036009 68.984036 F#:(3,5)
68.984036 69.448073 Ab:(b3,5)
69.448073 69.916009 A#:(3,5)
69.916009 73.680091 B:(3,5)
73.680091 75.624036 F#:(3,5)
75.624036 77.532063 D#:(3,5,b7)
77.532063 79.440000 Ab:(3,5)
79.440000 80.152018 C#:(3,5,b7)
80.152018 89.280000 F#:(3,5)
89.280000 91.696054 Gb:(3,5,7)
91.696054 92.904036 F#:(3,5)
92.904036 95.748027 Gb:(3,5,7)
95.748027 96.736054 F#:(3,5)
96.736054 99.120000 Gb:(3,5,7)
99.120000 99.584036 F#:(3,5)
99.584036 100.096054 Ab:(3,5)
100.096054 100.564082 A#:(3,5)
100.564082 104.280000 B:(3,5)
104.280000 106.184036 F#:(3,5)
106.184036 108.136054 D#:(3,5,b7)
108.136054 110.000000 Ab:(3,5)
110.000000 111.288073 C#:(3,5,b7)
111.288073 111.996009 B:(3,5)
111.996009 130.144036 F#:(3,5)
130.144036 130.608073 Ab:(3,5)
130.608073 131.028027 A#:(3,5)
131.028027 134.564082 B:(3,5)
134.564082 136.688073 F#:(3,5)
136.688073 138.580045 D#:(3,5,b7)
138.580045 140.504036 Ab:(3,5)
140.504036 141.244082 C#:(3,5,b7)
141.244082 152.076009 F#:(3,5)
152.076009 157.199093 N
