0.000000 0.344036 N
0.344036 31.972063 E:(3,5)
31.972063 35.852063 E:(b3,5)
35.852063 39.876009 A:(3,5)
39.876009 43.780045 E:(b3,5)
43.780045 45.896054 F#:(b3,5,b7)
45.896054 47.540045 B:(3,5)
47.540045 69.164082 E:(3,5)
69.164082 69.460045 D:(3,5)
69.460045 70.152018 A:(3,5)
70.152018 80.296054 E:(3,5)
80.296054 84.404082 E:(b3,5)
84.404082 88.372063 A:(3,5)
88.372063 92.496054 E:(b3,5)
92.496054 94.536054 F#:(b3,5,b7)
94.536054 96.608073 B:(3,5)
96.608073 118.052063 E:(3,5)
118.052063 119.136054 A:(3,5)
119.136054 122.880000 E:(3,5)
122.880000 125.434195 N
