0.000000 0.344036 N
0.344036 1.372063 G:(3,5)
1.372063 4.104036 D:(3,5)
4.104036 13.068027 D:(3,5,b7)
13.068027 16.552018 G:(3,5,b7)
16.552018 19.040000 D:(b3,5)
19.040000 21.004082 D:(3,5)
21.004082 23.084082 A:(3,5,b7)
23.084082 24.916009 G:(3,5,b7)
24.916009 26.408073 D:(b3,5)
26.408073 30.724082 D:(3,5)
30.724082 32.664036 C:(3,5)
32.664036 34.656054 F:(3,5)
34.656054 36.600000 G:(3,5)
36.600000 38.092063 D:(b3,5)
38.092063 44.612063 D:(3,5)
44.612063 47.600000 G:(3,5,b7)
47.600000 51.568073 D:(3,5,b7)
51.568073 54.600000 A:(3,5,b7)
54.600000 56.208073 G:(3,5,b7)
56.208073 59.152018 D:(3,5,b7)
59.152018 60.068027 A:(3,5,b7)
60.068027 62.028027 D:(3,5)
62.028027 63.976054 C:(3,5)
63.976054 65.928073 F:(3,5)
65.928073 67.932063 G:(3,5)
67.932063 69.400091 D:(b3,5)
69.400091 71.128073 D:(3,5)
71.128073 75.636009 D:(3,5,b7)
75.636009 80.084082 G:(3,5,b7)
80.084082 82.096054 D:(b3,5)
82.096054 84.548027 D:(3,5)
84.548027 85.664036 A:(3,5)
85.664036 87.264036 G:(3,5)
87.264036 89.304036 D:(b3,5)
89.304036 90.696054 D:(3,5)
90.696054 93.312018 D:(3,5,b7)
93.312018 95.264036 C:(3,5)
95.264036 97.232018 F:(3,5)
97.232018 98.704036 G:(3,5)
98.704036 100.696054 D:(b3,5)
100.696054 106.224036 D:(3,5)
106.224036 106.708027 A:(3,5,b7)
106.708027 110.200000 G:(3,5,b7)
110.200000 114.172063 D:(b3,5)
114.172063 117.388027 A:(3,5,b7)
117.388027 118.972063 G:(3,5,b7)
118.972063 124.860045 D:(3,5,b7)
124.860045 126.808073 C:(3,5)
126.808073 128.796009 F:(3,5)
128.796009 130.740045 G:(3,5)
130.740045 133.732063 D:(3,5)
133.732063 136.240000 D:(b3,5)
136.240000 138.720000 D:(3,5)
138.720000 141.712018 G:(3,5,b7)
141.712018 144.216054 D:(b3,5)
144.216054 145.696054 D:(3,5)
145.696054 147.252063 A:(3,5)
147.252063 148.824036 A:(3,#5)
148.824036 150.444082 G:(3,5,b7)
150.444082 151.456054 D:(3,5)
151.456054 151.964082 A:(3,5)
151.964082 153.404082 D:(3,5)
153.404082 154.252063 A:(b3,5)
154.252063 156.252063 D:(3,5,b7)
156.252063 158.188027 C:(3,5)
158.188027 160.172063 F:(3,5)
160.172063 160.712018 G:(3,5)
160.712018 163.700680 N
