0.000000 0.116009 N
0.116009 3.092063 A:(b3,5,b7)
3.092063 6.016054 D:(b3,5,b7)
6.016054 9.272018 G:(3,5,b7)
9.272018 12.140045 C:(3,5)
12.140045 15.740045 F:(3,5,7)
15.740045 17.544036 E:(3,5)
17.544036 27.336054 A:(b3,5)
27.336054 29.184036 D:(b3,5,b7)
29.184036 32.112018 G:(3,5)
32.112018 32.848073 G:(3,5,b7)
32.848073 35.044082 C:(3,5)
35.044082 39.036009 F:(3,5,7)
39.036009 40.840091 E:(3,5,b7)
40.840091 47.352018 A:(b3,5)
47.352018 49.528073 A:(b3,5,b7)
49.528073 52.456054 D:(b3,5,b7)
52.456054 55.380045 G:(3,5,b7)
55.380045 58.288073 C:(3,5)
58.288073 62.260045 F:(3,5,7)
62.260045 64.136054 E:(3,5,b7)
64.136054 67.412063 A:(b3,5)
67.412063 68.492063 C:(3,5)
68.492063 69.744036 G:(3,5)
69.744036 71.140045 C:(3,5)
71.140045 72.492063 E:(3,5,b7)
72.492063 74.212063 A:(b3,5)
74.212063 74.932063 G:(b3,5,b7)
74.932063 77.748027 G:(3,5,b7)
77.748027 81.820045 C:(3,5)
81.820045 83.440000 E:(3,5,b7)
83.440000 84.832018 A:(b3,5)
84.832018 86.216054 C:(3,5,b7)
86.216054 87.580045 F:(3,5)
87.580045 88.944036 G:(3,5)
88.944036 91.636009 C:(3,5)
91.636009 94.064036 A#:(3,5)
94.064036 96.936054 F:(3,5)
96.936054 99.872018 C:(3,5)
99.872018 102.612063 A#:(3,5)
102.612063 104.996009 F:(3,5)
104.996009 108.044082 C:(3,5)
108.044082 110.748027 A#:(3,5)
110.748027 113.448073 F:(3,5)
113.448073 116.208073 C:(3,5)
116.208073 118.576054 A#:(3,5)
118.576054 121.588027 F:(3,5)
121.588027 124.296054 C:(3,5)
124.296054 126.984036 A#:(3,5)
126.984036 129.672018 F:(3,5)
129.672018 132.340045 C:(3,5)
132.340045 134.964082 D:(3,5)
134.964082 136.312018 D#:(3,5)
136.312018 138.460045 G:(b3,5)
138.460045 140.220045 A:(3,5,b7)
140.220045 142.820045 C:(3,5,b7)
142.820045 143.836009 F#:(3,5,b7)
143.836009 145.404082 D#:(3,5,b7)
145.404082 150.572063 A:(3,5,b7)
150.572063 153.516009 B:(3,5)
153.516009 154.552018 C:(3,5)
154.552018 155.992018 E:(3,5)
155.992018 158.624036 A:(3,5,b7)
158.624036 162.300045 D:(3,5,b7)
162.300045 163.628027 G:(3,5)
163.628027 166.576054 A:(3,5)
166.576054 167.896054 B:(3,5,b7)
167.896054 168.924082 C:(3,5)
168.924082 170.580045 G:(3,5)
170.580045 172.840000 A:(3,5)
172.840000 173.156009 A:(b3,5)
173.156009 174.172063 C:(3,5)
174.172063 175.848073 G:(3,5)
175.848073 178.100045 A:(3,5)
178.100045 178.424036 A:(b3,5)
178.424036 179.420045 C:(3,5)
179.420045 181.056054 G:(3,5)
181.056054 183.808073 A:(3,5)
183.808073 184.932063 A:(b3,5)
184.932063 186.352018 B:(3,5,b7)
186.352018 188.940045 A:(3,5)
188.940045 190.584036 C:(3,5)
190.584036 191.572063 B:(3,5,b7)
191.572063 194.148027 A:(3,5)
194.148027 195.184036 C:(3,5)
195.184036 196.696054 B:(3,5,b7)
196.696054 198.796009 A:(3,5)
198.796009 200.184036 A:(b3,5)
200.184036 202.084082 B:(3,5,b7)
202.084082 204.404082 A:(3,5)
204.404082 206.964082 C:(3,5)
206.964082 209.064036 A:(3,5)
209.064036 211.968073 C:(3,5)
211.968073 214.404082 A:(3,5)
214.404082 216.964082 C:(3,5)
216.964082 219.320000 A:(3,5)
219.320000 220.388027 C:(3,5)
220.388027 221.744036 C:(3,5,7)
221.744036 224.344036 A:(3,5)
224.344036 225.352018 C:(3,5)
225.352018 226.892063 B:(3,5,b7)
226.892063 229.360000 A:(3,5,b7)
229.360000 230.420045 C:(3,5)
230.420045 231.568073 B:(3,5,b7)
231.568073 232.784036 A:(3,5,b7)
232.784036 238.752018 A:(b3,5)
238.752018 241.552018 G:(b3,5)
241.552018 242.416327 N
