0.000000 0.348027 N
0.348027 2.244082 C:(3,5)
2.244082 4.276009 A:(b3,5)
4.276009 6.636009 C:(3,5)
6.636009 8.450068 A:(b3,5)
8.450068 9.776054 C:(3,5)
9.776054 10.848073 C:(3,5,7)
10.848073 11.612063 A#:(3,5)
11.612063 12.920000 F:(3,5)
12.920000 15.088073 G:(3,5)
15.088073 16.936054 B:(3,#5)
16.936054 18.272018 C:(3,5)
18.272018 19.344036 E:(b3,5)
19.344036 20.136054 A#:(3,5)
20.136054 21.388027 F:(3,5)
21.388027 23.548027 G:(3,5)
23.548027 25.420045 B:(3,#5)
25.420045 25.702041 C:(3,5)
25.702041 27.810068 F:(3,5)
27.810068 29.922086 G:(3,5)
29.922086 32.060045 C:(3,5)
32.060045 34.218050 A:(b3,5)
34.218050 36.016054 A#:(3,5)
36.016054 38.488073 G:(3,5)
38.488073 39.880000 C:(3,5)
39.880000 40.476009 C:(3,5,7)
40.476009 42.750023 A:(b3,5)
42.750023 44.540045 A#:(3,5)
44.540045 46.956009 G:(3,5)
46.956009 49.104036 F:(3,5)
49.104036 50.974059 G:(3,5)
50.974059 52.026032 C:(3,5)
52.026032 53.344036 C:(3,5,7)
53.344036 54.148027 A#:(3,5)
54.148027 55.456054 F:(3,5)
55.456054 57.572063 G:(3,5)
57.572063 59.426032 B:(3,#5)
59.426032 61.816054 C:(3,5,7)
61.816054 62.608073 A#:(3,5)
62.608073 63.936054 F:(3,5)
63.936054 66.278005 G:(3,5)
66.278005 67.904036 B:(3,#5)
67.904036 68.156009 C:(3,5)
68.156009 69.972063 F:(3,5)
69.972063 72.124082 G:(3,5)
72.124082 74.542041 C:(3,5)
74.542041 76.666032 A:(b3,5)
76.666032 78.516009 A#:(3,5)
78.516009 80.884082 G:(3,5)
80.884082 82.768073 C:(3,5)
82.768073 85.144036 A:(b3,5)
85.144036 86.832018 A#:(3,5)
86.832018 89.112018 G:(3,5)
89.112018 90.992018 F:(3,5)
90.992018 91.512018 C:(3,5)
91.512018 93.402086 G:(3,5)
93.402086 95.512018 F:(3,5)
95.512018 97.356009 G:(3,5)
97.356009 100.020045 C:(3,5)
100.020045 101.868027 A:(b3,5)
101.868027 104.228027 C:(3,5)
104.228027 106.312018 A:(b3,5)
106.312018 108.424036 C:(3,5)
108.424036 110.520000 A:(b3,5)
110.520000 113.912018 C:(3,5)
113.912018 118.793288 N
