0.000000 0.388027 N
0.388027 1.092063 G:(3,5)
1.092063 1.432018 G:(b3,b5)
1.432018 3.702041 G:(3,5)
3.702041 4.390023 C:(3,5)
4.390023 6.004082 G:(b3,5,b7)
6.004082 7.668027 D:(b3,5)
7.668027 9.908027 G:(3,5)
9.908027 12.528073 A:(b3,5)
12.528073 13.928073 C:(3,5)
13.928073 15.280000 G:(3,5)
15.280000 17.748027 A:(b3,5)
17.748027 18.132063 C:(3,5)
18.132063 19.400000 C:(3,5,7)
19.400000 20.864036 G:(3,5)
20.864036 23.524082 B:(b3,5)
23.524082 26.236009 D:(3,5,b7)
26.236009 27.580045 G:(3,5)
27.580045 28.952018 C:(3,5,7)
28.952018 31.788027 D:(3,5)
31.788027 34.452063 A:(b3,5)
34.452063 35.784036 C:(3,5)
35.784036 37.100045 G:(3,5)
37.100045 39.840091 A:(b3,5,b7)
39.840091 41.220045 C:(3,5)
41.220045 42.588027 G:(3,5)
42.588027 44.648073 B:(b3,5,b7)
44.648073 48.350023 D:(3,5,b7)
48.350023 49.392018 G:(3,5)
49.392018 50.748027 C:(3,5,7)
50.748027 52.228027 D:(3,5)
52.228027 53.444082 D:(3,5,b7)
53.444082 56.172063 E:(b3,5,b7)
56.172063 58.848073 A:(3,5)
58.848073 59.990023 B:(b3,5,b7)
59.990023 63.588027 A:(3,5)
63.588027 66.960000 A:(b3,5)
66.960000 68.320000 C:(3,5,7)
68.320000 69.808073 G:(3,5,7)
69.808073 73.452063 A:(b3,5,b7)
73.452063 75.378050 G:(3,5)
75.378050 77.928073 B:(b3,5,b7)
77.928073 80.648073 D:(3,5,b7)
80.648073 81.878005 G:(3,5)
81.878005 83.222041 C:(3,5,7)
83.222041 86.020045 D:(3,5,b7)
86.020045 91.100045 G:(3,5)
91.100045 94.106032 C:(3,5)
94.106032 96.848073 G:(3,5)
96.848073 102.450068 D:(3,5)
102.450068 103.560000 G:(3,5)
103.560000 104.576054 C:(3,5)
104.576054 104.932063 C:(3,5,7)
104.932063 106.404082 D:(3,5)
106.404082 107.732063 D:(3,5,b7)
107.732063 110.456054 E:(b3,5,b7)
110.456054 113.176054 A:(3,5)
113.176054 114.404082 B:(b3,5,b7)
114.404082 117.760000 A:(3,5)
117.760000 121.328073 A:(b3,5)
121.328073 122.690068 C:(3,5,7)
122.690068 123.912018 G:(3,5)
123.912018 127.030023 A:(b3,5,b7)
127.030023 128.414059 C:(3,5,7)
128.414059 129.464036 G:(3,5)
129.464036 131.476009 B:(b3,5)
131.476009 134.900045 D:(3,5,b7)
134.900045 136.176054 G:(3,5)
136.176054 137.590023 C:(3,5,7)
137.590023 140.432018 D:(3,5,b7)
140.432018 141.584036 G:(3,5)
141.584036 142.960000 C:(3,5,7)
142.960000 145.844082 D:(3,5)
145.844082 148.580045 G:(3,5)
148.580045 149.976054 G:(b3,5)
149.976054 151.340045 D:(b3,5)
151.340045 153.932063 G:(3,5)
153.932063 158.824490 N
