0.000000 1.376054 N
1.376054 2.080000 A:(3,5)
2.080000 2.392018 A:(b3,5)
2.392018 4.028027 D:(3,5,b7)
4.028027 5.392018 A:(b3,5)
5.392018 6.760000 D:(3,5,b7)
6.760000 8.080000 A:(b3,5)
8.080000 9.428027 G:(3,5)
9.428027 10.728073 A:(b3,5)
10.728073 12.056054 D:(3,5)
12.056054 13.716009 A:(b3,5)
13.716009 14.712018 G:(3,5)
14.712018 16.028027 A:(3,5)
16.028027 18.008073 D:(3,5)
18.008073 20.356009 D:(3,5,b7)
20.356009 21.364082 D:(3,5)
21.364082 22.692063 E:(3,5,b7)
22.692063 23.400000 A:(b3,5)
23.400000 25.332063 D:(3,5,b7)
25.332063 26.780045 A:(b3,5)
26.780045 28.124082 D:(3,5,b7)
28.124082 29.792018 A:(b3,5)
29.792018 30.780045 G:(3,5)
30.780045 32.120000 A:(3,5)
32.120000 33.468027 D:(3,5)
33.468027 34.792018 A:(b3,5)
34.792018 36.164082 G:(3,5)
36.164082 37.556009 A:(3,5)
37.556009 38.912018 D:(3,5)
38.912018 42.888073 D:(3,5,b7)
42.888073 44.232018 E:(3,5,b7)
44.232018 45.260045 A:(b3,5)
45.260045 46.948027 D:(3,5,b7)
46.948027 48.284082 A:(b3,5)
48.284082 49.640000 D:(3,5,b7)
49.640000 50.984036 C:(3,5)
50.984036 52.376054 G:(3,5,b7)
52.376054 53.392018 C:(3,5)
53.392018 55.060045 G:(3,5)
55.060045 56.420045 C:(3,5)
56.420045 57.808073 E:(3,5,b7)
57.808073 59.152018 A:(3,5)
59.152018 60.160000 E:(3,5,b7)
60.160000 61.896054 A:(3,5)
61.896054 63.236009 G:(3,5)
63.236009 64.588027 A:(b3,5)
64.588027 65.928073 D:(3,5,b7)
65.928073 67.632018 A:(b3,5)
67.632018 68.656054 G:(3,5)
68.656054 69.988027 A:(3,5)
69.988027 75.400091 D:(3,5)
75.400091 76.320000 E:(3,5)
76.320000 82.336054 D:(3,5,b7)
82.336054 83.632018 C:(3,5)
83.632018 85.020045 G:(3,5,b7)
85.020045 86.404082 C:(3,5)
86.404082 87.764082 G:(3,5)
87.764082 89.108027 C:(3,5)
89.108027 90.400091 E:(3,5,b7)
90.400091 91.788027 A:(3,5)
91.788027 93.216054 E:(3,5)
93.216054 94.952018 A:(b3,5)
94.952018 95.984036 G:(3,5)
95.984036 97.324082 A:(3,5)
97.324082 98.720000 D:(3,5)
98.720000 99.068027 A:(3,5)
99.068027 100.120000 A:(b3,5)
100.120000 101.428027 G:(3,5)
101.428027 102.844082 A:(3,5)
102.844082 104.572063 D:(3,5)
104.572063 107.344036 D:(3,5,b7)
107.344036 108.320000 D:(3,5)
108.320000 109.248073 E:(3,5)
109.248073 111.140045 A:(b3,5)
111.140045 112.496054 D:(3,5,b7)
112.496054 113.800000 A:(b3,5)
113.800000 115.244082 D:(3,5,b7)
115.244082 116.608073 A:(b3,5)
116.608073 117.860045 D:(3,5,b7)
117.860045 123.268027 A:(b3,5)
123.268027 127.988390 N
