0.000000 0.208073 N
0.208073 8.544036 C:(3,5)
8.544036 10.326077 F:(3,5)
10.326077 12.648073 C:(3,5)
12.648073 14.412063 F:(3,5)
14.412063 20.784036 C:(3,5)
20.784036 22.570068 F:(3,5)
22.570068 24.844082 C:(3,5)
24.844082 26.864036 F:(3,5)
26.864036 27.840000 C:(3,5)
27.840000 28.712018 C:(3,5,7)
28.712018 30.744036 A:(b3,5)
30.744036 32.800000 D:(3,5)
32.800000 33.804082 F:(3,5)
33.804082 34.992018 G:(3,5)
34.992018 36.020045 C:(3,5)
36.020045 36.780045 G:(3,5)
36.780045 38.820045 A:(b3,5)
38.820045 40.836009 D:(3,5)
40.836009 41.864036 F:(3,5)
41.864036 42.892063 G:(3,5)
42.892063 44.052063 E:(3,5)
44.052063 45.080000 A:(b3,5)
45.080000 45.892063 C:(3,5,7)
45.892063 47.896054 F:(3,5)
47.896054 50.172063 F:(b3,5)
50.172063 57.252063 C:(3,5)
57.252063 58.268027 Ab:(3,#5)
58.268027 59.312018 A:(b3,5,b7)
59.312018 60.288073 C:(3,5,b7)
60.288073 62.074014 F:(3,5)
62.074014 64.336054 F:(b3,5)
64.336054 65.364082 G:(3,5)
65.364082 66.134059 E:(3,5,b7)
66.134059 67.154014 A:(b3,5)
67.154014 68.404082 D:(3,5,b7)
68.404082 70.940045 G:(3,5)
70.940045 72.212063 G:(3,5,b7)
72.212063 76.524082 C:(3,5)
76.524082 78.504036 F:(3,5)
78.504036 88.432018 C:(3,5)
88.432018 90.516009 F:(3,5)
90.516009 92.544036 C:(3,5)
92.544036 94.716009 F:(3,5)
94.716009 95.240000 C:(3,5)
95.240000 96.532063 C:(3,5,7)
96.532063 98.516009 A:(b3,5)
98.516009 100.480000 D:(3,5)
100.480000 101.456054 F:(3,5)
101.456054 102.612063 G:(3,5)
102.612063 103.128073 C:(3,5)
103.128073 104.398005 C:(3,5,7)
104.398005 106.340045 A:(b3,5)
106.340045 108.296054 D:(3,5)
108.296054 109.248073 F:(3,5)
109.248073 110.140045 G:(3,5)
110.140045 111.204082 E:(3,5)
111.204082 112.180045 A:(b3,5)
112.180045 112.692063 G:(3,5)
112.692063 113.188027 C:(3,5)
113.188027 115.144036 F:(3,5)
115.144036 117.118005 F:(b3,5)
117.118005 121.082086 C:(3,5)
121.082086 123.088073 F:(3,5)
123.088073 125.212063 C:(3,5)
125.212063 126.248073 A:(b3,5)
126.248073 127.410068 C:(3,5,b7)
127.410068 129.112018 F:(3,5)
129.112018 131.420045 F:(b3,5)
131.420045 132.132063 G:(3,5)
132.132063 133.864036 E:(3,5)
133.864036 134.152018 A:(b3,5)
134.152018 135.308027 D:(3,5,b7)
135.308027 136.272018 G:(3,5,7)
136.272018 137.732063 G:(3,5)
137.732063 139.000000 G:(3,5,b7)
139.000000 142.856054 C:(3,5)
142.856054 145.056054 F:(b3,5)
145.056054 147.252063 C:(3,5)
147.252063 149.112018 F:(b3,5)
149.112018 151.052063 C:(3,5)
151.052063 153.036009 F:(3,5)
153.036009 172.152744 C:(3,5)
