0.000000 0.344036 N
0.344036 1.456054 A:(3,5)
1.456054 17.708027 A:(3,5,b7)
17.708027 26.136054 F#:(3,5,b7)
26.136054 26.500045 B:(3,5)
26.500045 27.964082 E:(3,5)
27.964082 29.304036 F#:(3,5)
29.304036 30.724082 B:(3,5)
30.724082 31.800000 B:(3,5,b7)
31.800000 32.180045 E:(3,5)
32.180045 33.640000 A:(3,5)
33.640000 43.780045 A:(3,5,b7)
43.780045 52.184036 F#:(3,5,b7)
52.184036 52.552018 B:(3,5)
52.552018 54.184036 E:(3,5)
54.184036 55.664036 F#:(3,5)
55.664036 61.620045 B:(3,5)
61.620045 63.148027 E:(3,5)
63.148027 67.556009 B:(3,5)
67.556009 70.356009 E:(3,5)
70.356009 71.464036 A:(3,5)
71.464036 85.172063 A:(3,5,b7)
85.172063 93.532063 F#:(3,5,b7)
93.532063 95.376054 E:(3,5)
95.376054 96.852063 F#:(3,5)
96.852063 102.828027 B:(3,5)
102.828027 104.332063 E:(3,5)
104.332063 108.800000 B:(3,5)
108.800000 111.768073 E:(3,5)
111.768073 112.936054 A:(3,5)
112.936054 126.488073 A:(3,5,b7)
126.488073 129.452063 F#:(3,5)
129.452063 131.376054 B:(3,5)
131.376054 135.186576 N
