0.000000 0.364082 N
0.364082 2.388027 C:(b3,5)
2.388027 5.954014 C:(3,5)
5.954014 7.918005 C:(b3,5)
7.918005 10.840000 C:(3,5)
10.840000 15.668027 F:(3,5,b7)
15.668027 18.584036 C:(b3,5,b7)
18.584036 21.464036 C:(3,5)
21.464036 23.732063 G:(3,5,b7)
23.732063 26.050068 F:(3,5)
26.050068 28.956009 C:(3,5)
28.956009 31.536054 G:(3,5,b7)
31.536054 41.944036 C:(3,5)
41.944036 47.052063 F:(3,5)
47.052063 52.132063 C:(3,5)
52.132063 54.792018 G:(3,5)
54.792018 57.300045 F:(3,5)
57.300045 59.848073 C:(3,5)
59.848073 62.408073 G:(3,5,b7)
62.408073 72.580045 C:(3,5)
72.580045 74.604082 F:(3,5)
74.604082 77.816054 F:(3,5,b7)
77.816054 78.496054 C:(3,5,b7)
78.496054 82.916009 C:(3,5)
82.916009 85.544036 G:(3,5)
85.544036 87.816054 F:(3,5)
87.816054 99.540045 C:(3,5)
99.540045 105.384036 F:(3,5)
105.384036 122.848073 C:(3,5)
122.848073 129.964082 F:(3,5)
129.964082 132.152018 C:(3,5)
132.152018 136.951293 N
