0.000000 0.356009 N
0.356009 5.752018 A:(3,5)
5.752018 7.496054 E:(3,5,b7)
7.496054 8.836009 D:(3,5,b7)
8.836009 11.032018 E:(3,5)
11.032018 11.936054 A:(3,5)
11.936054 12.820045 D:(3,5)
12.820045 19.880000 A:(3,5)
19.880000 23.448073 D:(3,5)
23.448073 24.332063 A:(3,5)
24.332063 25.232018 E:(3,5)
25.232018 28.776054 A:(3,5)
28.776054 30.524082 E:(3,5,b7)
30.524082 32.192018 D:(3,5)
32.192018 34.024036 E:(3,5)
34.024036 42.932063 A:(3,5)
42.932063 46.472018 D:(3,5)
46.472018 50.012063 A:(3,5)
50.012063 51.840000 F#:(b3,5,b7)
51.840000 53.556009 B:(3,5)
53.556009 55.328073 D:(3,5)
55.328073 57.084082 E:(3,5,b7)
57.084082 58.936054 A:(3,5)
58.936054 60.700045 E:(3,5,b7)
60.700045 62.480000 D:(3,5,b7)
62.480000 64.304036 E:(3,5)
64.304036 65.164082 A:(3,5)
65.164082 66.068027 D:(3,5)
66.068027 69.476009 A:(3,5)
69.476009 71.600000 E:(3,5)
71.600000 73.080000 D:(3,5)
73.080000 74.984036 E:(3,5,b7)
74.984036 75.892063 A:(3,5)
75.892063 76.800000 D:(3,5)
76.800000 78.540045 A:(3,5)
78.540045 80.392018 F#:(b3,5,b7)
80.392018 82.168073 B:(3,5)
82.168073 83.972063 D:(3,5)
83.972063 85.720000 E:(3,5,b7)
85.720000 87.544036 A:(3,5)
87.544036 89.284082 E:(3,5)
89.284082 91.040091 D:(3,5)
91.040091 92.916009 E:(3,5)
92.916009 93.816054 A:(3,5)
93.816054 94.732063 D:(3,5)
94.732063 102.016054 A:(3,5)
102.016054 105.672018 D:(3,5)
105.672018 111.104036 A:(3,5)
111.104036 112.872018 E:(3,5)
112.872018 114.580045 D:(3,5)
114.580045 116.540045 E:(3,5)
116.540045 117.484082 A:(3,5)
117.484082 118.384036 D:(3,5)
118.384036 123.068027 A:(3,5)
123.068027 127.570431 N
