0.000000 1.700045 N
1.700045 5.248073 C#:(b3,5)
5.248073 8.776054 E:(3,5)
8.776054 10.708027 C#:(b3,5)
10.708027 11.412063 A:(3,5)
11.412063 12.284082 G:(b3,b5)
12.284082 12.908027 E:(3,5)
12.908027 17.256054 E:(3,5,7)
17.256054 17.492063 E:(b3,5)
17.492063 18.984036 C:(3,5)
18.984036 19.224036 E:(b3,5)
19.224036 19.864036 E:(3,5)
19.864036 21.028027 E:(3,5,7)
21.028027 22.832018 E:(3,5)
22.832018 24.364082 C:(3,5)
24.364082 25.012063 E:(b3,5)
25.012063 28.156009 E:(3,5,7)
28.156009 31.948027 C#:(b3,5)
31.948027 35.264036 E:(3,5)
35.264036 37.048073 C#:(b3,5)
37.048073 38.384036 A:(3,5)
38.384036 41.272018 E:(3,5)
41.272018 44.212063 E:(3,5,7)
44.212063 45.984036 B:(3,#5)
45.984036 47.788027 B:(b3,5)
47.788027 49.140045 C#:(3,5)
49.140045 49.620045 A:(3,#5)
49.620045 51.400000 A:(3,5)
51.400000 53.020045 B:(3,5)
53.020045 54.988027 F#:(3,5,b7)
54.988027 56.640000 B:(3,5,b7)
56.640000 58.460045 E:(3,5)
58.460045 60.020045 C:(3,5)
60.020045 60.496054 E:(b3,5)
60.496054 60.916009 E:(3,5)
60.916009 62.040000 E:(3,5,7)
62.040000 62.980045 E:(3,5)
62.980045 63.656054 B:(3,5)
63.656054 63.880000 E:(3,5)
63.880000 65.496054 C:(3,5)
65.496054 65.716009 E:(b3,5)
65.716009 68.616054 E:(3,5)
68.616054 69.284082 B:(3,5)
69.284082 72.884082 C#:(b3,5)
72.884082 73.584036 E:(3,5)
73.584036 76.500045 E:(3,5,7)
76.500045 78.304036 C#:(b3,5)
78.304036 79.884082 A:(3,5)
79.884082 80.540045 E:(3,5)
80.540045 85.532063 E:(3,5,7)
85.532063 87.344036 B:(3,#5)
87.344036 89.152018 B:(b3,5)
89.152018 90.756009 C#:(3,5)
90.756009 91.212063 A:(3,#5)
91.212063 92.792018 A:(3,5)
92.792018 94.384036 B:(3,5)
94.384036 96.392018 F#:(3,5,b7)
96.392018 98.100045 B:(3,5)
98.100045 99.912018 E:(3,5)
99.912018 101.464036 C:(3,5)
101.464036 102.596009 E:(b3,5)
102.596009 103.528073 B:(3,5,b7)
103.528073 104.436009 E:(3,5)
104.436009 105.572063 B:(3,5)
105.572063 106.940045 C:(3,5)
106.940045 107.136054 B:(3,5,b7)
107.136054 107.804082 E:(3,5)
107.804082 108.488073 E:(3,5,7)
108.488073 109.632018 E:(3,5)
109.632018 110.776054 E:(3,5,7)
110.776054 114.420045 C#:(b3,5)
114.420045 118.032018 E:(3,5)
118.032018 120.112018 C#:(b3,5)
120.112018 120.768073 A:(3,5)
120.768073 122.296054 A:(3,5,7)
122.296054 123.136054 C#:(3,5,b7)
123.136054 124.744036 E:(3,5)
124.744036 125.616054 F#:(3,5,b7)
125.616054 126.572063 F:(3,5,7)
126.572063 129.400000 E:(3,5,7)
129.400000 133.746939 N
