0.000000 1.376054 N
1.376054 2.668027 F#:(b3,5)
2.668027 3.216054 F:(3,5)
3.216054 4.056054 G:(3,5)
4.056054 5.380045 A:(3,5)
5.380045 6.478005 G:(3,5)
6.478005 11.770068 F#:(b3,5)
11.770068 16.894059 N
16.894059 17.588027 D:(3,5)
17.588027 20.716009 F#:(b3,5)
20.716009 20.978050 B:(b3,5)
20.978050 23.668027 D:(3,5)
23.668027 24.460045 G:(3,5)
24.460045 25.782041 D:(3,5)
25.782041 26.592018 G:(3,5)
26.592018 27.596009 D:(3,5)
27.596009 28.080000 G:(3,5)
28.080000 28.644082 A:(3,5)
28.644082 32.198005 D:(3,5)
32.198005 33.000000 G:(3,5)
33.000000 34.332063 D:(3,5)
34.332063 35.140045 G:(3,5)
35.140045 40.708027 D:(3,5)
40.708027 41.582041 G:(3,5)
41.582041 42.372063 D:(3,5)
42.372063 43.348027 N
43.348027 43.904036 G:(3,5)
43.904036 44.804082 D:(3,5)
44.804082 45.292063 G:(3,5)
45.292063 45.808073 A:(3,5)
45.808073 49.314014 D:(3,5)
49.314014 50.084082 G:(3,5)
50.084082 51.448073 D:(3,5)
51.448073 52.610068 G:(3,5)
52.610068 53.340045 D:(3,5)
53.340045 53.864036 G:(3,5)
53.864036 54.404082 A:(3,5)
54.404082 57.926077 D:(3,5)
57.926077 58.716009 G:(3,5)
58.716009 59.520000 D:(3,5)
59.520000 60.860045 G:(3,5)
60.860045 61.928073 D:(3,5)
61.928073 62.448073 G:(3,5)
62.448073 62.988027 A:(3,5)
62.988027 66.480000 D:(3,5)
66.480000 67.272018 G:(3,5)
67.272018 68.602086 D:(3,5)
68.602086 69.412063 G:(3,5)
69.412063 70.476009 D:(3,5)
70.476009 71.032018 G:(3,5)
71.032018 71.552018 A:(3,5)
71.552018 75.044082 D:(3,5)
75.044082 75.760000 G:(3,5)
75.760000 77.362086 D:(3,5)
77.362086 78.120000 G:(3,5)
78.120000 79.016054 D:(3,5)
79.016054 79.528073 G:(3,5)
79.528073 80.000000 A:(3,5)
80.000000 83.624036 D:(3,5)
83.624036 84.420045 G:(3,5)
84.420045 85.490068 D:(3,5)
85.490068 86.588027 G:(3,5)
86.588027 87.612063 D:(3,5)
87.612063 88.120000 G:(3,5)
88.120000 92.194014 D:(3,5)
92.194014 92.968073 G:(3,5)
92.968073 94.326077 D:(3,5)
94.326077 95.124082 G:(3,5)
95.124082 98.580045 D:(3,5)
98.580045 100.760000 G:(3,5)
100.760000 103.452063 F#:(3,5)
103.452063 104.792018 F:(3,5)
104.792018 105.068027 F#:(3,5)
105.068027 107.720000 G:(3,5)
107.720000 109.856054 F:(3,5)
109.856054 110.972063 C:(3,5)
110.972063 111.484082 F:(3,5)
111.484082 113.690068 G:(b3,5)
113.690068 115.672018 D:(3,5,7)
115.672018 116.640000 G:(3,5)
116.640000 117.936054 D:(3,5)
117.936054 118.696054 G:(3,5)
118.696054 119.744036 D:(3,5)
119.744036 120.256054 G:(3,5)
120.256054 120.768073 A:(3,5)
120.768073 124.296054 D:(3,5)
124.296054 125.140045 G:(3,5)
125.140045 125.946032 D:(3,5)
125.946032 127.280000 G:(3,5)
127.280000 132.898050 D:(3,5)
132.898050 133.648073 G:(3,5)
133.648073 135.492063 D:(3,5)
135.492063 136.044082 G:(3,5)
136.044082 136.932063 D:(3,5)
136.932063 137.424036 G:(3,5)
137.424036 137.948027 A:(3,5)
137.948027 141.528073 D:(3,5)
141.528073 142.300045 G:(3,5)
142.300045 143.380045 D:(3,5)
143.380045 143.900045 G:(3,5)
143.900045 144.404082 A:(3,5)
144.404082 145.756009 D:(3,5)
145.756009 147.920000 G:(3,5)
147.920000 150.592018 F#:(3,5)
150.592018 152.200000 F:(3,5)
152.200000 154.852063 G:(3,5)
154.852063 156.972063 F:(3,5)
156.972063 158.064036 C:(3,5)
158.064036 158.596009 F:(3,5)
158.596009 160.800091 G:(b3,5)
160.800091 162.946032 D:(3,5)
162.946032 163.728073 G:(3,5)
163.728073 165.078005 D:(3,5)
165.078005 165.868027 G:(3,5)
165.868027 166.924082 D:(3,5)
166.924082 167.448073 G:(3,5)
167.448073 167.988027 A:(3,5)
167.988027 171.476009 D:(3,5)
171.476009 172.272018 G:(3,5)
172.272018 173.602086 D:(3,5)
173.602086 174.364082 G:(3,5)
174.364082 175.428027 D:(3,5)
175.428027 175.948027 G:(3,5)
175.948027 176.492063 A:(3,5)
176.492063 179.578050 D:(3,5)
179.578050 183.112562 N
