0.000000 0.388027 N
0.388027 4.088073 G:(3,5)
4.088073 5.920000 A:(b3,5)
5.920000 7.748027 D:(b3,5)
7.748027 9.828027 A#:(3,5)
9.828027 11.228027 C:(3,5)
11.228027 15.084082 G:(3,5)
15.084082 16.948027 A:(b3,5)
16.948027 18.840000 D:(b3,5)
18.840000 20.936054 A#:(3,5)
20.936054 22.312018 C:(3,5)
22.312018 24.688073 G:(3,5)
24.688073 26.260045 A:(b3,5)
26.260045 29.884082 C:(3,5,b7)
29.884082 33.456054 G:(3,5,b7)
33.456054 35.276009 D#:(3,5)
35.276009 36.896054 D:(3,5,b7)
36.896054 40.804082 G:(b3,5)
40.804082 42.652063 A:(b3,5)
42.652063 44.516009 D:(b3,5)
44.516009 46.356009 A#:(3,5)
46.356009 48.256054 C:(3,5)
48.256054 51.960000 G:(3,5)
51.960000 53.836009 A:(b3,5)
53.836009 55.716009 D:(b3,5)
55.716009 57.380045 A#:(3,5)
57.380045 59.212063 C:(3,5)
59.212063 61.348027 G:(3,5)
61.348027 63.204082 A:(b3,5)
63.204082 66.872018 C:(3,5,b7)
66.872018 70.516009 G:(3,5,b7)
70.516009 72.340045 D#:(3,5)
72.340045 74.192018 D:(3,5,b7)
74.192018 77.868027 G:(b3,5)
77.868027 79.716009 A:(b3,5)
79.716009 81.560000 D:(b3,5)
81.560000 83.432018 A#:(3,5)
83.432018 85.288073 C:(3,5)
85.288073 89.008073 G:(3,5)
89.008073 90.868027 A:(b3,5)
90.868027 92.780045 D:(b3,5)
92.780045 94.436009 A#:(3,5)
94.436009 96.292063 C:(3,5)
96.292063 98.532063 G:(3,5)
98.532063 100.300045 A:(b3,5)
100.300045 103.120000 C:(3,5,b7)
103.120000 107.620045 G:(b3,5)
107.620045 109.428027 D#:(3,5)
109.428027 111.264036 D:(3,5,b7)
111.264036 114.932063 G:(3,5)
114.932063 118.592018 C:(3,5,b7)
118.592018 122.212063 G:(3,5,b7)
122.212063 124.048073 D#:(3,5)
124.048073 125.912018 D:(3,5,b7)
125.912018 127.744036 C:(3,5,b7)
127.744036 129.524082 G:(3,5)
129.524082 131.344036 D#:(3,5)
131.344036 133.176054 D:(3,5,b7)
133.176054 135.240000 C:(3,5,b7)
135.240000 136.124082 G:(3,5)
136.124082 139.319728 N
