0.000000 0.392018 N
0.392018 2.068027 E:(3,5)
2.068027 3.280000 A:(3,5)
3.280000 10.842086 E:(3,5,b7)
10.842086 11.448073 A:(3,5)
11.448073 13.256054 E:(3,5)
13.256054 14.902041 B:(3,5)
14.902041 16.352018 A:(3,5)
16.352018 17.874014 F#:(3,5)
17.874014 19.074014 B:(3,5)
19.074014 23.560000 E:(3,5)
23.560000 24.128073 A:(3,5)
24.128073 25.684082 E:(3,5)
25.684082 27.904036 B:(3,5)
27.904036 29.088073 A:(3,5)
29.088073 29.984036 F#:(3,5)
29.984036 30.588027 B:(3,5)
30.588027 33.828027 E:(3,5)
33.828027 35.180045 B:(3,5)
35.180045 38.464036 E:(3,5)
38.464036 40.268027 F#:(3,5,b7)
40.268027 41.756009 B:(3,5)
41.756009 45.718005 E:(3,5)
45.718005 46.396009 A:(3,5)
46.396009 48.212063 E:(3,5)
48.212063 50.016054 B:(3,5)
50.016054 51.198005 A:(3,5)
51.198005 52.088073 F#:(3,5,b7)
52.088073 52.962086 B:(3,5,b7)
52.962086 60.872018 E:(3,5,b7)
60.872018 63.776054 A:(3,5)
63.776054 66.808073 E:(3,5)
66.808073 68.520000 B:(3,5)
68.520000 69.992018 A:(3,5)
69.992018 71.468027 F#:(3,5,b7)
71.468027 72.636009 B:(3,5)
72.636009 74.832018 E:(3,5)
74.832018 76.026032 B:(3,5)
76.026032 79.496054 E:(3,5)
79.496054 81.162086 F#:(3,5,b7)
81.162086 82.676009 B:(3,5,b7)
82.676009 86.610068 E:(3,5)
86.610068 87.520000 A:(3,5)
87.520000 89.002086 E:(3,5)
89.002086 90.796009 B:(3,5)
90.796009 92.232018 A:(3,5)
92.232018 93.150023 F#:(3,5)
93.150023 94.016054 B:(3,5)
94.016054 94.608073 E:(3,5)
94.608073 95.472018 C#:(b3,5)
95.472018 96.074014 F#:(3,5)
96.074014 96.992018 B:(3,5)
96.992018 97.860045 E:(3,5)
97.860045 99.364082 F#:(3,5)
99.364082 100.286077 B:(3,5)
100.286077 100.878005 E:(3,5)
100.878005 101.732063 C#:(b3,5)
101.732063 102.634014 F#:(3,5,b7)
102.634014 103.232018 B:(3,5)
103.232018 104.112018 E:(3,5)
104.112018 107.972789 N
