0.000000 5.980045 C#:(3,5)
5.980045 11.324082 C#:(3,5,b7)
11.324082 19.812063 C#:(3,5)
19.812063 27.928073 C#:(3,5,b7)
27.928073 31.944036 C#:(3,5)
31.944036 36.568073 C#:(3,5,b7)
36.568073 45.544036 C#:(3,5)
45.544036 49.536054 C#:(3,5,b7)
49.536054 59.852063 C#:(3,5)
59.852063 64.200000 F#:(3,5)
64.200000 68.620045 C#:(3,5,b7)
68.620045 71.744036 F#:(3,5)
71.744036 80.024036 C#:(3,5,b7)
80.024036 87.688073 C#:(3,5)
87.688073 92.536054 Ab:(b3,5)
92.536054 101.552018 C#:(3,5)
101.552018 107.208073 C#:(3,5,b7)
107.208073 110.956009 F#:(3,5)
110.956009 114.876009 Ab:(b3,5)
114.876009 116.976054 F#:(3,5)
116.976054 131.304036 C#:(3,5,b7)
131.304036 138.384036 F#:(3,5)
138.384036 168.308027 C#:(3,5)
168.308027 180.268027 C#:(3,5,b7)
180.268027 196.472018 C#:(3,5)
196.472018 198.572063 C#:(3,5,b7)
198.572063 204.792018 C#:(b3,5,b7)
204.792018 209.044082 C#:(3,5)
209.044082 221.792018 C#:(3,5,b7)
221.792018 228.968073 C#:(3,5)
228.968073 232.084082 C#:(3,5,b7)
232.084082 240.036009 C#:(3,5)
240.036009 243.272018 C#:(3,5,b7)
243.272018 253.856054 C#:(3,5)
253.856054 258.000000 Gb:(3,5,7)
258.000000 262.124082 C#:(3,5,b7)
262.124082 266.764082 F#:(3,5)
266.764082 269.344036 Ab:(b3,5)
269.344036 274.860045 F#:(3,5)
274.860045 276.436009 Gb:(3,5,7)
276.436009 277.984036 F#:(3,5)
277.984036 284.872018 C#:(3,5)
284.872018 289.844082 F#:(3,5)
289.844082 304.408073 C#:(3,5)
304.408073 305.063764 N
