0.000000 0.388027 N
0.388027 6.188027 B:(3,5)
6.188027 6.896054 C#:(b3,5)
6.896054 7.596009 F#:(b3,5)
7.596009 9.008073 G:(3,5)
9.008073 10.428027 F:(3,5)
10.428027 13.256054 E:(3,5,7)
13.256054 15.686077 E:(3,5,b7)
15.686077 18.944036 D:(3,5,7)
18.944036 21.764082 D:(3,5,b7)
21.764082 23.220045 A:(3,5,7)
23.220045 24.688073 G:(b3,b5)
24.688073 26.092063 C:(3,5)
26.092063 26.820045 D:(3,5)
26.820045 29.360000 A:(3,5)
29.360000 30.456054 G:(b3,b5)
30.456054 33.304036 C:(3,5)
33.304036 36.156009 D:(3,5)
36.156009 38.012063 A:(3,5)
38.012063 39.036009 G:(b3,b5)
39.036009 41.884082 A:(3,5,b7)
41.884082 43.288073 F#:(b3,5)
43.288073 44.000000 F:(3,5)
44.000000 44.712018 G:(3,5)
44.712018 46.108027 A:(3,5)
46.108027 47.512018 G:(3,5)
47.512018 50.348027 F:(3,5)
50.348027 52.444082 B:(3,5,7)
52.444082 55.566077 B:(3,5,b7)
55.566077 58.764082 C:(3,5)
58.764082 61.596009 D:(3,5)
61.596009 64.392018 E:(3,5)
64.392018 65.732063 A:(3,5,7)
65.732063 67.196009 G:(b3,b5)
67.196009 68.600000 C:(3,5)
68.600000 70.108027 D:(3,5)
70.108027 73.672018 A:(3,5,b7)
73.672018 74.376054 B:(3,#5)
74.376054 75.780045 C:(3,5)
75.780045 78.604082 D:(3,5)
78.604082 81.440000 A:(3,5)
81.440000 81.818050 D:(3,5)
81.818050 87.060045 G:(3,5)
87.060045 89.900045 A:(3,5)
89.900045 92.764082 E:(3,5)
92.764082 94.478005 D:(3,5)
94.478005 95.556009 D:(3,5,b7)
95.556009 97.024036 A:(3,5,7)
97.024036 98.420045 A:(b3,5,b7)
98.420045 99.792018 F#:(b3,5)
99.792018 100.512018 F:(3,5)
100.512018 101.204082 G:(3,5)
101.204082 102.956009 A:(3,5)
102.956009 103.964082 A:(b3,5,b7)
103.964082 106.764082 F:(3,5)
106.764082 112.252063 B:(3,5,b7)
112.252063 115.072018 C:(3,5)
115.072018 117.856054 D:(3,5)
117.856054 118.928073 E:(3,#5,7)
118.928073 121.344036 E:(3,5)
121.344036 123.836009 N
123.836009 124.900045 B:(3,5)
124.900045 126.248073 A:(3,5,7)
126.248073 127.692063 G:(3,5,7)
127.692063 129.136054 F:(3,5,7)
129.136054 131.152018 E:(3,5)
131.152018 131.482086 A:(3,5)
131.482086 133.212063 B:(3,5)
133.212063 134.612063 A:(3,5,7)
134.612063 136.020045 G:(3,5,7)
136.020045 137.296054 F:(3,5,7)
137.296054 138.442086 E:(3,5,7)
138.442086 138.784036 E:(3,5)
138.784036 140.160000 F:(3,5)
140.160000 145.644082 B:(b3,5,b7)
145.644082 148.408073 C:(3,5)
148.408073 151.120000 D:(3,5)
151.120000 153.796009 E:(3,5)
153.796009 156.548027 D:(3,5)
156.548027 159.336054 A:(3,5)
159.336054 160.712018 C:(3,5)
160.712018 161.424036 D:(3,5)
161.424036 162.080091 E:(3,5,b7)
162.080091 163.516009 A:(3,5)
163.516009 164.884082 E:(3,5)
164.884082 167.716009 C:(3,5)
167.716009 170.468027 D:(3,5)
170.468027 175.002086 A:(3,5)
175.002086 176.052063 G:(3,5)
176.052063 177.348027 F#:(b3,5,b7)
177.348027 178.732063 G:(3,5)
178.732063 180.460045 A:(3,5)
180.460045 181.472018 C:(3,5)
181.472018 184.148027 F:(3,5)
184.148027 186.084082 B:(3,5,b7)
186.084082 187.600000 B:(b3,5,b7)
187.600000 189.136054 F#:(b3,5)
189.136054 189.484082 B:(b3,5)
189.484082 192.272018 C:(3,5)
192.272018 195.072018 D:(3,5)
195.072018 197.720000 E:(3,5)
197.720000 200.308027 D:(3,5)
200.308027 202.988027 C:(3,5)
202.988027 205.608073 B:(3,5)
205.608073 208.280000 A:(3,5)
208.280000 211.012063 G:(3,5)
211.012063 213.390023 F:(3,5)
213.390023 216.416054 E:(3,5,b7)
216.416054 218.772063 D:(3,5,7)
218.772063 219.430023 D:(3,5,b7)
219.430023 221.784036 C:(3,5)
221.784036 224.464036 B:(3,5)
224.464036 227.248073 A:(3,5)
227.248073 229.972063 G:(3,5)
229.972063 232.692063 F:(3,5)
232.692063 235.384036 E:(b3,5)
235.384036 238.044082 D:(3,5)
238.044082 240.708027 C:(3,5)
240.708027 243.328073 B:(3,5,b7)
243.328073 245.964082 A:(3,5,b7)
245.964082 248.564082 G:(3,5,b7)
248.564082 251.176054 F:(3,5,b7)
251.176054 253.848073 E:(3,5)
253.848073 256.532063 D:(3,5)
256.532063 259.236009 C:(3,5)
259.236009 262.000000 B:(3,5,b7)
262.000000 264.648073 A:(3,5,b7)
264.648073 266.984036 G:(3,5,7)
266.984036 268.052063 G:(b3,5)
268.052063 270.040000 F:(3,5)
270.040000 272.274014 E:(3,5)
272.274014 277.060499 N
