0.000000 0.392018 N
0.392018 3.176054 Ab:(3,#5)
3.176054 3.644082 Ab:(b3,5)
3.644082 6.992018 C#:(b3,5)
6.992018 11.120091 E:(3,5)
11.120091 16.220045 C#:(b3,5)
16.220045 20.432018 F#:(b3,5)
20.432018 21.720000 A:(3,5)
21.720000 22.416054 F#:(b3,5)
22.416054 24.682086 E:(3,5)
24.682086 25.980045 Ab:(b3,5)
25.980045 30.052063 C#:(b3,5)
30.052063 33.620045 E:(3,5)
33.620045 38.192018 C#:(b3,5)
38.192018 42.618050 F#:(b3,5)
42.618050 43.644082 C:(3,5)
43.644082 48.076009 E:(3,5)
48.076009 51.012063 A:(3,5)
51.012063 55.924082 C#:(b3,5)
55.924082 57.908027 A:(3,5)
57.908027 58.640000 E:(3,5)
58.640000 59.368073 C#:(b3,5)
59.368073 59.852063 E:(3,5)
59.852063 61.588027 A:(3,5)
61.588027 64.154014 E:(3,5)
64.154014 65.916009 Ab:(b3,5)
65.916009 67.208073 C#:(b3,5)
67.208073 68.194014 F#:(b3,5)
68.194014 69.988027 C#:(b3,5)
69.988027 73.576054 E:(3,5)
73.576054 78.144036 C#:(b3,5)
78.144036 82.384036 F#:(b3,5)
82.384036 83.908027 A:(3,5)
83.908027 88.212063 E:(3,5)
88.212063 92.108027 A:(3,5)
92.108027 95.992018 C#:(b3,5)
95.992018 97.996009 A:(3,5)
97.996009 98.740045 E:(3,5)
98.740045 99.920000 C#:(b3,5)
99.920000 101.630023 A:(3,5)
101.630023 103.848073 E:(3,5)
103.848073 105.598005 A:(3,5)
105.598005 108.308027 E:(3,5)
108.308027 109.856054 N
109.856054 113.948027 C#:(b3,5)
113.948027 116.792018 E:(3,5)
116.792018 118.108027 E:(3,5,7)
118.108027 119.916009 C#:(b3,5)
119.916009 120.692063 E:(3,5)
120.692063 124.551837 N
