0.000000 1.388027 N
1.388027 2.128073 E:(3,5)
2.128073 3.056054 E:(3,5,7)
3.056054 4.992018 C#:(3,5,b7)
4.992018 6.368073 F#:(3,5)
6.368073 6.848073 F#:(b3,b5)
6.848073 8.032018 B:(3,5,7)
8.032018 8.752018 B:(3,5,b7)
8.752018 10.616054 E:(3,5)
10.616054 12.424036 Ab:(3,5)
12.424036 14.048073 F#:(b3,5)
14.048073 15.900045 B:(3,5,b7)
15.900045 17.888073 E:(3,5)
17.888073 19.700045 Ab:(3,5)
19.700045 21.552018 F#:(b3,5)
21.552018 23.356009 B:(3,5,b7)
23.356009 25.152018 E:(3,5)
25.152018 26.960000 C#:(b3,5)
26.960000 28.772063 F#:(b3,5)
28.772063 30.584036 B:(3,5,b7)
30.584036 32.344036 E:(3,5)
32.344036 34.196009 Ab:(3,5)
34.196009 36.016054 F#:(b3,5)
36.016054 37.836009 B:(3,5,b7)
37.836009 39.636009 E:(3,5)
39.636009 41.436009 Ab:(3,5)
41.436009 43.264036 F#:(b3,5)
43.264036 44.856054 B:(3,5,b7)
44.856054 46.920000 E:(3,5)
46.920000 48.948027 C#:(b3,5)
48.948027 50.544036 F#:(b3,5)
50.544036 52.388027 B:(3,5,b7)
52.388027 53.984036 F#:(b3,5)
53.984036 55.988027 D:(3,5)
55.988027 57.844082 G:(3,5)
57.844082 58.516009 C:(3,5)
58.516009 59.424036 C:(b3,5)
59.424036 65.080000 G:(3,5)
65.080000 66.648073 C:(3,5)
66.648073 68.680091 F:(3,5)
68.680091 70.260045 E:(3,5)
70.260045 72.044082 Ab:(3,5)
72.044082 74.156009 F#:(b3,5)
74.156009 75.700045 B:(3,5,b7)
75.700045 77.580045 E:(3,5)
77.580045 79.580045 Ab:(3,5)
79.580045 81.428027 F#:(b3,5)
81.428027 83.220045 B:(3,5,b7)
83.220045 85.096054 E:(3,5)
85.096054 86.920000 C#:(b3,5)
86.920000 88.728073 F#:(b3,5)
88.728073 90.580045 B:(3,5)
90.580045 92.400091 F#:(b3,5)
92.400091 94.208073 D:(3,5)
94.208073 95.988027 G:(3,5)
95.988027 97.596009 C:(3,5)
97.596009 103.240000 G:(3,5)
103.240000 104.824036 C:(3,5)
104.824036 106.900045 F:(3,5)
106.900045 108.648073 E:(3,5)
108.648073 110.496054 Ab:(3,5)
110.496054 112.324082 F#:(b3,5)
112.324082 114.160000 B:(3,5,b7)
114.160000 115.996009 E:(3,5)
115.996009 117.792018 Ab:(3,5)
117.792018 119.412063 F#:(b3,5)
119.412063 121.240000 B:(3,5,b7)
121.240000 123.292063 E:(3,5)
123.292063 125.128073 C#:(b3,5)
125.128073 126.964082 F#:(b3,5)
126.964082 128.840000 B:(3,5,b7)
128.840000 130.456054 F#:(b3,5)
130.456054 131.580045 D:(3,5)
131.580045 132.488073 A:(3,5)
132.488073 136.552018 E:(3,5)
136.552018 140.434286 N
