0.000000 1.832018 C:(3,5)
1.832018 3.468027 G:(3,5)
3.468027 5.132063 A:(b3,5)
5.132063 6.776054 F:(3,5)
6.776054 8.420045 C:(3,5)
8.420045 10.008073 G:(3,5)
10.008073 11.688073 F:(3,5)
11.688073 14.840000 C:(3,5)
14.840000 16.648073 G:(3,5)
16.648073 19.708027 F:(3,5,7)
19.708027 21.192018 C:(3,5)
21.192018 22.824036 G:(3,5)
22.824036 24.440000 F:(3,5)
24.440000 27.512018 C:(3,5)
27.512018 29.236009 G:(3,5)
29.236009 30.792018 A:(b3,5)
30.792018 32.388027 F:(3,5,7)
32.388027 34.152018 C:(3,5)
34.152018 35.412063 G:(3,5)
35.412063 36.344036 F:(3,5)
36.344036 38.844082 C:(3,5)
38.844082 40.532063 A:(b3,5)
40.532063 42.184036 C:(3,5)
42.184036 43.816054 F:(3,5)
43.816054 47.248073 C:(3,5)
47.248073 48.644082 G:(3,5)
48.644082 50.356009 F:(3,5)
50.356009 53.652063 C:(3,5)
53.652063 55.200000 G:(3,5)
55.200000 56.860045 A:(b3,5)
56.860045 58.488073 F:(3,5,7)
58.488073 60.120000 C:(3,5)
60.120000 61.744036 G:(3,5)
61.744036 62.540045 F:(3,5)
62.540045 66.716009 C:(3,5)
66.716009 68.344036 G:(3,5)
68.344036 70.012063 A:(b3,5)
70.012063 71.688073 F:(3,5,7)
71.688073 73.396009 C:(3,5)
73.396009 75.076009 G:(3,5)
75.076009 75.904036 F:(3,5)
75.904036 78.468027 C:(3,5)
78.468027 80.192018 A:(b3,5)
80.192018 81.888073 C:(3,5)
81.888073 83.564082 F:(3,5)
83.564082 86.928073 C:(3,5)
86.928073 88.584036 G:(3,5)
88.584036 89.376054 F:(3,5)
89.376054 91.792018 C:(3,5)
91.792018 93.584036 A:(b3,5)
93.584036 95.236009 C:(3,5)
95.236009 96.856054 F:(3,5)
96.856054 100.216054 C:(3,5)
100.216054 101.840000 G:(3,5)
101.840000 103.552018 F:(3,5)
103.552018 105.212063 C:(3,5)
105.212063 106.088073 F:(3,5)
106.088073 107.776054 C:(3,5)
107.776054 108.652063 A#:(3,5)
108.652063 109.536054 G:(3,5)
109.536054 110.436009 F:(3,5)
110.436009 112.208073 C:(3,5)
112.208073 113.936054 F:(3,5)
113.936054 114.828027 C:(3,5)
114.828027 115.668027 F:(3,5)
115.668027 116.544036 G:(3,5)
116.544036 117.472018 F:(3,5)
117.472018 120.896054 C:(3,5)
120.896054 122.168073 G:(3,5)
122.168073 124.332063 A:(b3,5)
124.332063 126.072018 F:(3,5)
126.072018 127.780045 C:(3,5)
127.780045 129.468027 G:(3,5)
129.468027 131.180045 F:(3,5)
131.180045 134.620045 C:(3,5)
134.620045 136.372063 G:(3,5)
136.372063 138.112018 A:(b3,5)
138.112018 139.852063 F:(3,5)
139.852063 141.532063 C:(3,5)
141.532063 143.288073 G:(3,5)
143.288073 144.972063 F:(3,5)
144.972063 146.700045 C:(3,5)
146.700045 148.516009 A:(b3,5)
148.516009 150.264036 C:(3,5)
150.264036 152.040000 F:(3,5)
152.040000 155.588027 C:(3,5)
155.588027 157.368073 G:(3,5)
157.368073 159.152018 F:(3,5)
159.152018 162.668027 C:(3,5)
162.668027 164.408073 G:(3,5)
164.408073 166.048073 A:(b3,5)
166.048073 167.872018 F:(3,5)
167.872018 169.624036 C:(3,5)
169.624036 171.340045 G:(3,5)
171.340045 173.108027 F:(3,5)
173.108027 176.596009 C:(3,5)
176.596009 178.340045 G:(3,5)
178.340045 180.076009 A:(b3,5)
180.076009 181.788027 F:(3,5)
181.788027 183.500045 C:(3,5)
183.500045 185.232018 G:(3,5)
185.232018 186.984036 F:(3,5)
186.984036 188.656054 C:(3,5)
188.656054 190.424036 A:(b3,5)
190.424036 192.172063 C:(3,5)
192.172063 193.920000 F:(3,5)
193.920000 197.404082 C:(3,5)
197.404082 199.124082 G:(3,5)
199.124082 200.876009 F:(3,5)
200.876009 202.560000 C:(3,5)
202.560000 206.056054 A:(b3,5,b7)
206.056054 207.824036 F:(3,5,7)
207.824036 211.332063 C:(3,5)
211.332063 213.048073 G:(3,5)
213.048073 214.780045 F:(3,5)
214.780045 216.508027 C:(3,5)
216.508027 218.656054 A:(b3,5)
218.656054 219.984036 G:(3,5)
219.984036 221.772063 F:(3,5)
221.772063 225.196009 C:(3,5)
225.196009 226.972063 G:(3,5)
226.972063 228.768073 F:(3,5)
228.768073 230.552018 C:(3,5)
230.552018 231.420045 F:(3,5)
231.420045 233.252063 C:(3,5)
233.252063 233.716009 A#:(3,5)
233.716009 234.176054 F:(3,5)
234.176054 235.012063 G:(3,5)
235.012063 236.308027 F:(3,5)
236.308027 243.298685 C:(3,5)
