0.000000 1.324082 N
1.324082 3.872018 D:(3,5)
3.872018 8.944036 G:(3,5)
8.944036 11.160000 C:(3,5)
11.160000 14.048073 G:(3,5)
14.048073 16.284082 D:(3,5)
16.284082 19.152018 G:(3,5)
19.152018 21.744036 C:(3,5)
21.744036 24.224036 D:(3,5)
24.224036 26.904036 G:(3,5)
26.904036 29.408073 D:(3,5)
29.408073 32.076009 G:(3,5)
32.076009 34.176054 D:(3,5)
34.176054 37.232018 G:(3,5)
37.232018 39.816054 D:(3,5)
39.816054 42.380045 G:(3,5)
42.380045 44.832018 A:(3,5)
44.832018 47.532063 D:(3,5)
47.532063 50.128073 G:(3,5)
50.128073 52.728073 C:(3,5)
52.728073 55.288073 G:(3,5)
55.288073 57.760000 D:(3,5)
57.760000 60.488073 G:(3,5)
60.488073 62.988027 C:(3,5)
62.988027 65.320000 D:(3,5)
65.320000 67.588027 G:(3,5)
67.588027 67.916009 F#:(3,5)
67.916009 68.240000 E:(3,5)
68.240000 68.900045 D:(3,5)
68.900045 70.796009 D:(3,5,b7)
70.796009 73.364082 G:(3,5)
73.364082 75.948027 D:(3,5,b7)
75.948027 81.160000 G:(3,5)
81.160000 83.024036 C:(3,5)
83.024036 86.280000 G:(3,5)
86.280000 88.868027 D:(3,5)
88.868027 91.456054 G:(3,5)
91.456054 94.072018 C:(3,5)
94.072018 96.060045 D:(3,5)
96.060045 96.372063 G:(b3,5)
96.372063 98.752018 G:(3,5)
98.752018 99.304036 G:(b3,5)
99.304036 101.824036 D:(3,5)
101.824036 102.520000 G:(b3,5)
102.520000 104.464036 G:(3,5)
104.464036 106.236009 D:(3,5)
106.236009 109.680000 G:(3,5)
109.680000 112.192018 D:(3,5)
112.192018 114.504036 G:(3,5)
114.504036 117.616054 A:(3,5)
117.616054 119.648073 D:(3,5)
119.648073 120.336054 G:(3,5)
120.336054 122.580045 G:(3,5,7)
122.580045 124.544036 C:(3,5)
124.544036 127.780045 G:(3,5)
127.780045 130.376054 D:(3,5)
130.376054 130.712018 G:(3,5)
130.712018 132.984036 G:(3,5,7)
132.984036 135.588027 C:(3,5)
135.588027 137.880000 D:(3,5)
137.880000 140.176054 G:(3,5)
140.176054 140.500045 F#:(3,5)
140.500045 140.824036 E:(3,5)
140.824036 143.432018 D:(3,5)
143.432018 148.084082 G:(3,5)
148.084082 153.158821 N
