0.000000 0.988027 N
0.988027 3.876009 D:(b3,5,b7)
3.876009 7.644082 G:(3,5)
7.644082 9.256054 F:(3,5)
9.256054 14.356009 G:(3,5)
14.356009 15.976054 F:(3,5)
15.976054 17.886077 G:(3,5)
17.886077 19.480000 C:(3,5)
19.480000 20.776054 D:(3,5)
20.776054 22.068027 G:(3,5)
22.068027 22.688073 C:(3,5,b7)
22.688073 23.360000 G:(b3,5)
23.360000 28.172063 G:(3,5)
28.172063 29.780045 F:(3,5)
29.780045 32.356009 G:(3,5)
32.356009 33.000000 C:(3,5)
33.000000 34.824036 G:(3,5)
34.824036 36.440000 F:(3,5)
36.440000 38.388027 G:(3,5)
38.388027 39.900045 C:(3,5)
39.900045 41.864036 D:(3,5)
41.864036 42.728073 G:(3,5)
42.728073 43.702041 C:(3,5,b7)
43.702041 45.428027 G:(3,5)
45.428027 46.832018 B:(b3,5)
46.832018 48.538050 E:(b3,5)
48.538050 52.068027 B:(b3,5)
52.068027 53.744036 G:(3,5)
53.744036 55.692063 C:(3,5,7)
55.692063 57.424036 C:(3,5)
57.424036 59.046077 D:(3,5,b7)
59.046077 62.620045 G:(3,5)
62.620045 64.372063 F:(3,5)
64.372063 69.470023 G:(3,5)
69.470023 71.426032 F:(3,5)
71.426032 73.068027 G:(3,5)
73.068027 74.824036 C:(3,5)
74.824036 76.232018 D:(3,5,b7)
76.232018 77.408073 G:(3,5)
77.408073 78.088073 C:(3,5,b7)
78.088073 78.740045 G:(b3,5)
78.740045 80.904036 G:(3,5)
80.904036 81.544036 C:(3,5,b7)
81.544036 83.508027 G:(3,5)
83.508027 85.314014 D:(b3,5,b7)
85.314014 87.656054 G:(3,5)
87.656054 88.832018 G:(b3,5)
88.832018 90.456054 G:(3,5)
90.456054 91.944036 F:(3,5)
91.944036 93.932063 G:(3,5)
93.932063 95.590023 C:(3,5)
95.590023 97.104036 D:(3,5,b7)
97.104036 98.414059 G:(3,5)
98.414059 99.062041 C:(3,5,b7)
99.062041 99.718005 G:(b3,5)
99.718005 100.950023 G:(3,5)
100.950023 102.424036 B:(b3,5)
102.424036 104.428027 E:(b3,5)
104.428027 107.600000 B:(b3,5)
107.600000 109.560000 G:(3,5)
109.560000 113.008073 C:(3,5,7)
113.008073 114.650068 D:(3,5,b7)
114.650068 118.212063 G:(3,5)
118.212063 119.964082 F:(3,5)
119.964082 125.188027 G:(3,5)
125.188027 127.132063 F:(3,5)
127.132063 128.762086 G:(3,5)
128.762086 130.078005 C:(3,5)
130.078005 132.042086 D:(3,5,b7)
132.042086 133.052063 G:(3,5)
133.052063 134.008073 C:(3,5,b7)
134.008073 134.304036 G:(b3,5)
134.304036 134.840000 G:(3,5)
134.840000 135.448073 C:(3,5)
135.448073 136.468027 G:(3,5)
136.468027 137.444082 C:(3,5,b7)
137.444082 137.776054 G:(b3,5)
137.776054 138.440000 G:(3,5)
138.440000 139.118005 C:(3,5)
139.118005 140.076009 G:(3,5)
140.076009 140.776054 C:(3,5)
140.776054 148.442086 F:(3,5)
148.442086 152.555102 N
