0.000000 1.324082 N
1.324082 5.196009 G:(3,5,b7)
5.196009 11.492063 C:(3,5)
11.492063 13.412063 F:(b3,5)
13.412063 25.240000 C:(b3,5)
25.240000 25.656054 A#:(3,5)
25.656054 27.996009 C:(3,5)
27.996009 33.876009 C:(b3,5)
33.876009 35.736054 A#:(3,5)
35.736054 41.832018 C:(3,5)
41.832018 43.744036 C:(b3,5)
43.744036 45.688073 C:(3,5)
45.688073 47.120000 C:(b3,5)
47.120000 51.632018 C:(3,5)
51.632018 52.840000 C:(3,5,b7)
52.840000 55.332063 C:(3,5)
55.332063 56.308027 C:(3,5,b7)
56.308027 58.272018 C:(3,5)
58.272018 59.700045 A#:(3,5)
59.700045 61.588027 C:(3,5,b7)
61.588027 62.112018 C:(3,5)
62.112018 65.416054 A#:(3,5)
65.416054 71.552018 C:(3,5)
71.552018 73.000000 C:(b3,5)
73.000000 74.236009 A:(b3,5,b7)
74.236009 76.420045 C:(b3,5)
76.420045 80.564082 C:(3,5)
80.564082 82.840000 C:(3,5,b7)
82.840000 88.276009 C:(3,5)
88.276009 91.364082 A#:(3,5)
91.364082 92.172063 C:(3,5)
92.172063 93.520000 A#:(3,5)
93.520000 94.016054 C:(3,5)
94.016054 95.416054 A#:(3,5)
95.416054 102.712018 C:(b3,5)
102.712018 111.988027 C:(3,5)
111.988027 114.920000 C:(b3,5)
114.920000 116.100045 A#:(3,5)
116.100045 117.004082 C:(3,5)
117.004082 118.264036 A#:(3,5)
118.264036 118.728073 C:(3,5)
118.728073 120.172063 A#:(3,5)
120.172063 120.640000 C:(3,5)
120.640000 122.068027 A#:(3,5)
122.068027 123.516009 C:(3,5)
123.516009 129.828027 C:(b3,5)
129.828027 138.204082 C:(3,5)
138.204082 139.220045 C:(3,5,b7)
139.220045 141.900045 C:(3,5)
141.900045 142.624036 C:(3,5,b7)
142.624036 145.272018 C:(3,5)
145.272018 147.888073 A#:(3,5)
147.888073 148.572063 C:(3,5)
148.572063 149.812063 A#:(3,5)
149.812063 155.348027 C:(b3,5)
155.348027 160.768073 C:(3,5)
160.768073 162.728073 C:(b3,5)
162.728073 164.244082 C:(3,5)
164.244082 165.648073 C:(3,5,b7)
165.648073 173.932063 C:(3,5)
173.932063 175.124082 C:(b3,5)
175.124082 176.256054 C:(3,5)
176.256054 181.208526 N
