0.000000 0.344036 N
0.344036 6.380045 E:(3,5)
6.380045 7.360000 F#:(3,5,b7)
7.360000 10.532063 A:(3,5)
10.532063 13.372063 E:(3,5)
13.372063 14.788027 B:(b3,5)
14.788027 16.060045 A:(3,5)
16.060045 23.600091 E:(3,5)
23.600091 24.292063 B:(3,5)
24.292063 27.500045 A:(3,5,b7)
27.500045 30.304036 E:(3,5)
30.304036 31.716009 B:(b3,5)
31.716009 33.140045 A:(3,5)
33.140045 41.512018 E:(3,5)
41.512018 43.964082 A:(3,5)
43.964082 47.096054 E:(3,5,b7)
47.096054 48.392018 B:(3,5,b7)
48.392018 49.900045 A:(3,5,b7)
49.900045 55.888073 E:(3,5)
55.888073 56.580045 E:(3,5,b7)
56.580045 57.232018 F#:(3,5)
57.232018 58.256054 E:(3,5)
58.256054 60.816054 A:(3,5)
60.816054 64.056054 E:(3,5)
64.056054 65.108027 B:(b3,5)
65.108027 66.752018 A:(3,5)
66.752018 68.772063 E:(3,5)
68.772063 75.216054 E:(3,5,b7)
75.216054 78.024036 A:(3,5,b7)
78.024036 80.840000 E:(3,5,b7)
80.840000 82.260045 B:(3,5,b7)
82.260045 83.336054 A:(3,5)
83.336054 92.148027 E:(3,5)
92.148027 94.812063 A:(3,5,b7)
94.812063 97.780045 E:(3,5,b7)
97.780045 99.196009 B:(3,5,b7)
99.196009 100.256054 A:(3,5)
100.256054 105.212063 E:(3,5)
105.212063 109.036009 E:(3,5,b7)
109.036009 111.720000 A:(3,5)
111.720000 114.728073 E:(3,5)
114.728073 116.132063 B:(b3,5,b7)
116.132063 117.200000 A:(3,5)
117.200000 124.772063 E:(3,5)
124.772063 125.804082 G:(3,5)
125.804082 128.628027 A:(3,5)
128.628027 131.632018 E:(3,5)
131.632018 132.696054 B:(b3,5)
132.696054 134.324082 A:(3,5)
134.324082 139.248073 E:(3,5)
139.248073 143.731519 E:(3,5,b7)
