0.000000 0.628027 N
0.628027 3.490068 D:(3,5)
3.490068 4.670023 D:(3,5,b7)
4.670023 7.334059 D:(3,5)
7.334059 8.148027 D:(3,5,7)
8.148027 10.908027 D:(3,5,b7)
10.908027 14.788027 D:(3,5)
14.788027 16.142041 G:(3,5,7)
16.142041 17.492063 G:(b3,5,7)
17.492063 21.626032 D:(3,5)
21.626032 22.740045 G:(3,5,7)
22.740045 24.160000 G:(b3,5,7)
24.160000 28.364082 D:(3,5)
28.364082 29.182041 G:(3,5,7)
29.182041 31.052063 G:(b3,5,7)
31.052063 34.956009 D:(3,5)
34.956009 35.808073 G:(3,5,7)
35.808073 37.740045 G:(b3,5,7)
37.740045 41.542041 D:(3,5)
41.542041 42.138050 G:(3,5,7)
42.138050 43.488073 G:(b3,5,7)
43.488073 53.760000 D:(3,5)
53.760000 55.372063 C:(3,5)
55.372063 56.460045 G:(3,5)
56.460045 60.304036 D:(3,5)
60.304036 61.344036 G:(3,5,7)
61.344036 63.618050 G:(b3,5,7)
63.618050 68.192018 D:(3,5)
68.192018 69.320000 G:(b3,5,7)
69.320000 73.028027 D:(3,5)
73.028027 73.798005 B:(b3,5,b7)
73.798005 74.364082 G:(3,5,7)
74.364082 76.192018 G:(b3,5,7)
76.192018 79.538050 D:(3,5)
79.538050 81.004082 G:(3,5,7)
81.004082 82.608073 G:(b3,5,7)
82.608073 85.812063 D:(3,5)
85.812063 86.584036 G:(3,5,7)
86.584036 92.076009 G:(b3,5,7)
92.076009 93.000000 B:(b3,5,b7)
93.000000 95.284082 G:(b3,5,7)
95.284082 98.464036 D:(3,5)
98.464036 100.308027 C:(3,5)
100.308027 101.636009 G:(3,5)
101.636009 120.784036 D:(3,5)
120.784036 122.392018 F:(3,5)
122.392018 123.944036 Ab:(3,5)
123.944036 125.332063 G:(3,5,7)
125.332063 125.646077 G:(b3,5,7)
125.646077 128.700045 D:(3,5)
128.700045 130.020045 G:(3,5,7)
130.020045 131.932063 G:(b3,5,7)
131.932063 135.180045 D:(3,5)
135.180045 136.722086 G:(3,5,7)
136.722086 138.372063 G:(b3,5,7)
138.372063 141.556009 D:(3,5)
141.556009 143.072018 G:(3,5,7)
143.072018 144.740045 G:(b3,5,7)
144.740045 166.796009 D:(3,5)
166.796009 168.562086 C:(3,5)
168.562086 170.020045 G:(3,5)
170.020045 172.946032 D:(3,5)
172.946032 175.566077 B:(b3,5,b7)
175.566077 178.712018 D:(3,5)
178.712018 181.248073 B:(b3,5)
181.248073 184.634014 D:(3,5)
184.634014 186.816054 B:(b3,5,b7)
186.816054 190.294059 D:(3,5)
190.294059 192.992018 B:(b3,5)
192.992018 196.032018 D:(3,5)
196.032018 197.252063 B:(b3,5)
197.252063 201.852063 D:(3,5)
201.852063 204.700045 D:(3,5,b7)
204.700045 205.768073 B:(b3,5,b7)
205.768073 207.184036 G:(3,5,7)
207.184036 210.072018 G:(b3,5,7)
210.072018 211.784036 D:(3,5)
211.784036 213.196009 D:(3,5,b7)
213.196009 214.692063 C:(3,5)
214.692063 216.296054 G:(3,5)
216.296054 229.404082 D:(3,5)
229.404082 232.654059 D:(3,5,b7)
232.654059 236.379138 D:(3,5)
