0.000000 0.436009 N
0.436009 3.312018 G:(3,5)
3.312018 4.316009 D:(3,5)
4.316009 5.320000 F:(3,5)
5.320000 6.352018 G:(3,5)
6.352018 7.968073 C:(3,5)
7.968073 9.232018 F:(3,5)
9.232018 9.916009 C:(3,5)
9.916009 12.180045 G:(3,5)
12.180045 13.140045 F:(3,5)
13.140045 14.140045 G:(3,5)
14.140045 16.064036 C:(3,5)
16.064036 17.016054 F:(3,5)
17.016054 17.984036 G:(3,5)
17.984036 19.988027 D:(3,5)
19.988027 20.924082 G:(3,5)
20.924082 21.896054 D:(3,5)
21.896054 22.856054 F:(3,5)
22.856054 23.836009 G:(3,5)
23.836009 25.780045 C:(3,5)
25.780045 26.772063 F:(3,5)
26.772063 27.392018 C:(3,5)
27.392018 28.708027 G:(3,5)
28.708027 29.656054 D:(3,5)
29.656054 30.560000 F:(3,5)
30.560000 31.636009 G:(3,5)
31.636009 33.552018 C:(3,5)
33.552018 34.544036 F:(3,5)
34.544036 35.188027 C:(3,5)
35.188027 37.456054 D:(3,5,b7)
37.456054 38.432018 B:(b3,5,b7)
38.432018 39.492063 D:(3,5)
39.492063 41.312018 G:(3,5)
41.312018 43.312018 C:(3,5)
43.312018 47.188027 D:(3,5)
47.188027 48.504036 G:(3,5)
48.504036 48.800000 A:(3,5)
48.800000 49.092063 B:(3,5)
49.092063 51.064036 C:(3,5)
51.064036 54.980045 D:(3,5)
54.980045 55.972063 G:(3,5)
55.972063 56.944036 D:(3,5)
56.944036 57.928073 F:(3,5)
57.928073 58.916009 G:(3,5)
58.916009 60.832018 C:(3,5)
60.832018 61.828027 F:(3,5)
61.828027 62.468027 C:(3,5)
62.468027 64.760000 G:(3,5)
64.760000 65.736054 F:(3,5)
65.736054 66.732063 G:(3,5)
66.732063 68.664036 C:(3,5)
68.664036 69.632018 F:(3,5)
69.632018 70.604082 C:(3,5)
70.604082 72.604082 D:(3,5)
72.604082 74.556009 G:(3,5)
74.556009 75.196009 F:(3,5)
75.196009 76.512018 G:(3,5)
76.512018 78.464036 C:(3,5)
78.464036 79.436009 F:(3,5)
79.436009 80.084082 C:(3,5)
80.084082 82.368073 G:(3,5)
82.368073 83.300045 F:(3,5)
83.300045 84.336054 G:(3,5)
84.336054 86.300045 C:(3,5)
86.300045 87.276009 F:(3,5)
87.276009 88.260045 C:(3,5)
88.260045 90.208073 D:(3,5,b7)
90.208073 91.164082 B:(b3,5,b7)
91.164082 92.204082 D:(3,5)
92.204082 94.124082 G:(3,5)
94.124082 96.024036 C:(3,5)
96.024036 99.908027 D:(3,5)
99.908027 101.884082 G:(3,5)
101.884082 103.788027 C:(3,5)
103.788027 107.688073 D:(3,5)
107.688073 109.624036 G:(3,5)
109.624036 110.596009 F:(3,5,7)
110.596009 111.596009 G:(3,5)
111.596009 113.564082 C:(3,5)
113.564082 114.540045 F:(3,5)
114.540045 115.188027 C:(3,5)
115.188027 116.504036 G:(3,5)
116.504036 117.472018 D:(3,5)
117.472018 118.448073 F:(3,5,7)
118.448073 119.496054 G:(3,5)
119.496054 121.412063 C:(3,5)
121.412063 122.400000 F:(3,5)
122.400000 123.396009 C:(3,5)
123.396009 123.724082 G:(3,5)
123.724082 127.192018 G:(3,5,7)
127.192018 131.424943 N
