0.000000 0.392018 N
0.392018 2.532063 E:(3,5,7)
2.532063 4.160000 A:(3,5,7)
4.160000 5.804082 E:(3,5,7)
5.804082 9.140045 A:(3,5,7)
9.140045 10.792018 E:(3,5)
10.792018 12.016054 A:(3,5)
12.016054 14.092063 E:(3,5)
14.092063 15.388027 A:(3,5)
15.388027 17.472018 E:(3,5)
17.472018 19.164082 C#:(b3,5)
19.164082 22.524082 B:(3,5)
22.524082 24.192018 Ab:(b3,5)
24.192018 25.892063 A:(3,5)
25.892063 27.552018 E:(3,5,7)
27.552018 28.404082 A:(3,5)
28.404082 29.236009 F#:(b3,5)
29.236009 33.544036 C#:(b3,5)
33.544036 36.032018 E:(3,5)
36.032018 37.736054 A:(3,5)
37.736054 39.412063 E:(3,5)
39.412063 40.244082 A:(3,5)
40.244082 41.136054 B:(3,5,b7)
41.136054 42.784036 E:(3,5)
42.784036 44.472018 C#:(b3,5)
44.472018 47.852063 B:(3,5)
47.852063 51.288073 A:(3,5)
51.288073 54.636009 B:(3,5)
54.636009 56.296054 C#:(b3,5)
56.296054 58.064036 F#:(3,5,b7)
58.064036 59.800000 E:(3,5)
59.800000 61.504036 Ab:(3,5)
61.504036 63.216054 C#:(b3,5)
63.216054 64.492063 F#:(3,5,b7)
64.492063 64.936054 B:(3,5,7)
64.936054 66.672018 E:(3,5,7)
66.672018 68.392018 Ab:(3,5)
68.392018 69.268027 C#:(b3,5)
69.268027 71.472018 E:(3,5,7)
71.472018 73.628027 E:(3,5)
73.628027 74.912018 A:(3,5)
74.912018 77.080000 E:(3,5)
77.080000 78.800000 A:(3,5)
78.800000 80.500045 E:(3,5)
80.500045 82.200000 C#:(b3,5)
82.200000 85.684082 B:(3,5)
85.684082 87.376054 Ab:(b3,5)
87.376054 89.124082 A:(3,5,7)
89.124082 90.796009 E:(3,5,7)
90.796009 91.684082 A:(3,5)
91.684082 92.528073 B:(3,5)
92.528073 95.128073 C#:(b3,5)
95.128073 97.712018 E:(3,5)
97.712018 98.920000 A:(3,5)
98.920000 101.044082 E:(3,5,7)
101.044082 102.292063 A:(3,5)
102.292063 104.308027 E:(3,5,7)
104.308027 105.536054 A:(3,5)
105.536054 107.416054 E:(3,5,7)
107.416054 112.848980 N
