0.000000 0.392018 N
0.392018 8.988027 E:(3,5,7)
8.988027 11.044082 E:(3,5)
11.044082 11.924082 A:(3,5)
11.924082 13.216054 E:(3,5)
13.216054 14.092063 A:(3,5)
14.092063 14.540045 B:(3,5)
14.540045 21.404082 E:(3,5)
21.404082 23.148027 C#:(b3,5)
23.148027 24.868027 F#:(b3,5)
24.868027 26.548027 C#:(b3,5)
26.548027 28.248073 A:(3,5)
28.248073 30.060045 E:(3,5)
30.060045 30.860045 A:(3,5)
30.860045 31.668027 B:(3,5,b7)
31.668027 32.996009 E:(3,5)
32.996009 34.332063 A:(3,5)
34.332063 35.144036 B:(3,5)
35.144036 38.584036 E:(3,5)
38.584036 39.472018 A:(3,5)
39.472018 40.316009 E:(3,5)
40.316009 41.176054 G:(3,5)
41.176054 42.012063 B:(3,5)
42.012063 48.740045 E:(3,5)
48.740045 50.944036 C#:(b3,5)
50.944036 52.172063 F#:(b3,5)
52.172063 54.108027 C#:(b3,5)
54.108027 55.804082 A:(3,5)
55.804082 57.560000 E:(3,5)
57.560000 58.408073 A:(3,5)
58.408073 59.284082 B:(3,5,b7)
59.284082 60.172063 E:(3,5)
60.172063 62.672018 E:(3,5,7)
62.672018 64.476009 A:(3,5)
64.476009 66.184036 B:(3,5)
66.184036 68.324082 E:(3,5)
68.324082 68.792018 E:(3,#5,7)
68.792018 71.488073 A:(3,5)
71.488073 73.128073 B:(3,5)
73.128073 74.892063 E:(3,5)
74.892063 75.788027 A:(3,5)
75.788027 76.672018 B:(3,5)
76.672018 79.292063 E:(3,5)
79.292063 81.524082 E:(3,5,7)
81.524082 83.688073 E:(3,5)
83.688073 84.516009 A:(3,5)
84.516009 85.820045 E:(3,5)
85.820045 87.112018 B:(3,5,b7)
87.112018 90.608073 E:(3,5)
90.608073 91.492063 A:(3,5)
91.492063 94.092063 E:(3,5)
94.092063 99.288073 C#:(b3,5)
99.288073 101.012063 A:(3,5)
101.012063 102.764082 E:(3,5)
102.764082 103.652063 A:(3,5)
103.652063 104.520000 B:(3,5)
104.520000 106.284082 E:(3,5)
106.284082 107.168073 A:(3,5,7)
107.168073 109.764082 E:(3,5,7)
109.764082 110.660045 E:(3,5)
110.660045 112.384036 E:(3,5,7)
112.384036 113.248073 G:(3,5)
113.248073 114.108027 C:(3,5)
114.108027 115.004082 B:(3,5)
115.004082 118.880000 E:(3,5)
118.880000 123.344399 N
