0.000000 0.384036 N
0.384036 1.148027 E:(3,5)
1.148027 5.012063 A:(3,5)
5.012063 7.628027 F#:(b3,5)
7.628027 10.976054 A:(3,5)
10.976054 13.600000 F#:(b3,5)
13.600000 17.796009 A:(3,5)
17.796009 25.832018 F#:(b3,5)
25.832018 28.910023 A:(3,5)
28.910023 32.380045 D:(3,5)
32.380045 33.880000 B:(3,5,b7)
33.880000 35.034014 E:(3,5)
35.034014 41.664036 F#:(b3,5,b7)
41.664036 47.884082 F#:(b3,5)
47.884082 54.132063 A:(3,5)
54.132063 59.994014 F#:(b3,5)
59.994014 60.384036 E:(b3,5)
60.384036 61.176054 A:(b3,5)
61.176054 62.732063 A:(3,5)
62.732063 63.516009 G:(3,5)
63.516009 66.256054 D:(3,5)
66.256054 68.204082 B:(3,5,b7)
68.204082 69.764082 E:(3,5)
69.764082 70.552018 A:(3,5)
70.552018 72.948027 F#:(b3,5)
72.948027 76.072018 A:(3,5)
76.072018 81.914014 F#:(b3,5)
81.914014 85.460045 A:(3,5)
85.460045 88.540045 D:(3,5)
88.540045 93.428027 A:(3,5)
93.428027 96.280000 E:(3,5)
96.280000 99.032018 A:(3,5)
99.032018 101.316009 F#:(b3,5)
101.316009 102.072018 E:(3,5)
102.072018 105.128073 A:(3,5)
105.128073 107.444082 F#:(b3,5)
107.444082 108.200000 E:(3,5)
108.200000 115.996009 A:(3,5)
115.996009 122.308027 F#:(b3,5)
122.308027 123.108027 A:(b3,5)
123.108027 125.064036 A:(3,5)
125.064036 128.632018 D:(3,5)
128.632018 130.208073 B:(3,5,b7)
130.208073 131.800091 E:(3,5)
131.800091 138.208073 F#:(b3,5,b7)
138.208073 146.188027 F#:(b3,5)
146.188027 147.748027 A:(3,5)
147.748027 150.956009 D:(3,5)
150.956009 153.794014 A:(b3,5)
153.794014 155.728073 A:(3,5)
155.728073 158.592018 E:(3,5)
158.592018 166.160000 A:(3,5)
166.160000 173.592018 F#:(b3,5)
173.592018 178.644082 A:(3,5)
178.644082 182.880363 N
