0.000000 0.348027 N
0.348027 9.032018 C:(b3,5)
9.032018 10.416054 C:(3,5)
10.416054 19.020045 C:(3,5,7)
19.020045 22.548027 C:(3,5)
22.548027 24.256054 C:(b3,5)
24.256054 28.588027 C:(3,5)
28.588027 31.100045 C:(b3,5)
31.100045 35.008073 C:(3,5)
35.008073 37.020045 C:(b3,5)
37.020045 43.368073 C:(3,5,b7)
43.368073 50.784036 C:(3,5)
50.784036 62.732063 C:(3,5,7)
62.732063 68.856054 C:(3,5)
68.856054 70.544036 C:(b3,5)
70.544036 70.848073 C:(3,#5,b7)
70.848073 73.592018 C:(3,5,7)
73.592018 80.328073 C:(3,5)
80.328073 81.272018 C:(b3,5)
81.272018 81.604082 C:(3,5)
81.604082 87.452063 D#:(b3,b5)
87.452063 93.332063 C:(3,5)
93.332063 107.508027 C:(3,5,7)
107.508027 113.120000 C:(3,5)
113.120000 113.844082 C:(3,5,7)
113.844082 129.456054 C:(3,5,b7)
129.456054 130.800091 C:(3,5,7)
130.800091 133.084082 C:(3,5)
133.084082 147.716009 C:(3,5,7)
147.716009 151.892063 C:(3,5)
151.892063 165.320000 C:(3,5,7)
165.320000 170.368073 C:(3,5)
170.368073 170.988027 C:(3,5,7)
170.988027 174.148027 C:(3,5)
174.148027 183.084082 C:(3,5,7)
183.084082 189.244082 C:(3,5)
189.244082 201.052063 C:(3,5,7)
201.052063 232.748027 C:(3,5)
232.748027 236.704218 N
