0.000000 0.344036 N
0.344036 2.288073 D:(3,5)
2.288073 4.108027 B:(3,5,b7)
4.108027 7.780045 E:(b3,5)
7.780045 11.484082 A:(3,5)
11.484082 13.312018 D:(3,5)
13.312018 15.156009 A:(3,5)
15.156009 16.972063 D:(3,5)
16.972063 18.784036 B:(3,5,b7)
18.784036 22.456054 E:(b3,5)
22.456054 26.160000 A:(3,5,b7)
26.160000 27.980045 D:(3,5)
27.980045 29.812063 A:(3,5)
29.812063 33.416054 E:(3,5)
33.416054 36.164082 A:(3,5)
36.164082 36.620045 B:(3,5)
36.620045 37.068027 C#:(b3,5)
37.068027 40.708027 D:(3,5)
40.708027 44.328073 E:(3,5)
44.328073 49.796009 A:(3,5)
49.796009 52.604082 D:(3,5)
52.604082 53.544036 F#:(3,5,b7)
53.544036 54.504036 B:(b3,5)
54.504036 55.424036 D:(3,5,b7)
55.424036 56.812063 G:(3,5)
56.812063 57.252063 A:(3,5,b7)
57.252063 60.896054 D:(3,5)
60.896054 62.716009 B:(3,5,b7)
62.716009 66.384036 E:(b3,5)
66.384036 70.004082 A:(3,5)
70.004082 71.816054 D:(3,5)
71.816054 73.636009 A:(3,5)
73.636009 75.448073 D:(3,5)
75.448073 77.292063 B:(3,5,b7)
77.292063 81.004082 E:(b3,5)
81.004082 84.644082 A:(3,5)
84.644082 86.500045 D:(3,5)
86.500045 88.308027 A:(3,5)
88.308027 91.928073 E:(3,5)
91.928073 94.636009 A:(3,5)
94.636009 95.088073 B:(3,5)
95.088073 95.536054 C#:(b3,5)
95.536054 99.164082 D:(3,5)
99.164082 102.740045 E:(3,5,b7)
102.740045 106.364082 A:(3,5)
106.364082 108.196009 E:(b3,5)
108.196009 109.956009 A:(3,5)
109.956009 113.572063 D:(3,5)
113.572063 117.152018 E:(3,5)
117.152018 120.856054 A:(3,5)
120.856054 121.784036 E:(b3,5)
121.784036 122.672018 A:(3,5,b7)
122.672018 125.464036 D:(3,5)
125.464036 126.388027 F#:(3,5,b7)
126.388027 127.324082 B:(b3,5)
127.324082 128.252063 D:(3,5)
128.252063 130.064036 G:(3,5)
130.064036 133.764082 D:(3,5)
133.764082 135.532063 B:(3,5,b7)
135.532063 139.204082 E:(b3,5)
139.204082 142.872018 A:(3,5)
142.872018 144.244082 D:(3,5,7)
144.244082 144.712018 B:(b3,5)
144.712018 146.532063 A:(3,5)
146.532063 148.360091 D:(3,5)
148.360091 150.164082 B:(3,5,b7)
150.164082 153.836009 E:(b3,5)
153.836009 157.504036 A:(3,5,b7)
157.504036 158.892063 D:(3,5,7)
158.892063 159.340045 B:(b3,5)
159.340045 161.148027 A:(3,5)
161.148027 164.788027 E:(3,5,b7)
164.788027 168.408073 A:(3,5,b7)
168.408073 172.008073 D:(3,5)
172.008073 175.568073 E:(3,5,b7)
175.568073 179.176054 A:(3,5,b7)
179.176054 181.000000 E:(b3,5)
181.000000 182.752018 A:(3,5)
182.752018 186.332063 D:(3,5)
186.332063 189.832018 E:(3,5,b7)
189.832018 195.212063 A:(3,5,b7)
195.212063 197.964082 D:(3,5)
197.964082 198.892063 F#:(3,5,b7)
198.892063 199.824036 B:(b3,5)
199.824036 200.744036 D:(3,5,b7)
200.744036 202.584036 G:(3,5)
202.584036 205.020045 D:(3,5)
205.020045 207.261315 N
