0.000000 0.392018 N
0.392018 2.300045 D#:(3,5,b7)
2.300045 9.132063 A#:(3,5,b7)
9.132063 11.044082 D#:(3,5)
11.044082 12.944036 A#:(3,5,b7)
12.944036 13.536054 Ab:(3,5)
13.536054 14.632018 D#:(3,5)
14.632018 17.120000 A#:(3,5,b7)
17.120000 19.348027 D#:(3,5)
19.348027 20.980045 A#:(3,5,b7)
20.980045 22.320000 Ab:(3,5)
22.320000 23.180045 D#:(3,5)
23.180045 25.396009 A#:(3,5,b7)
25.396009 27.372063 Ab:(3,5)
27.372063 30.120000 A#:(3,5,b7)
30.120000 31.204082 Ab:(3,5)
31.204082 32.860045 D#:(3,5)
32.860045 35.004082 A#:(3,5)
35.004082 37.804082 D#:(3,5)
37.804082 38.912018 A#:(3,5)
38.912018 40.020045 Ab:(3,5)
40.020045 42.204082 D#:(3,5)
42.204082 43.092063 A#:(3,5)
43.092063 44.404082 Ab:(3,5)
44.404082 45.236009 D#:(3,5)
45.236009 47.212063 A#:(3,5)
47.212063 48.876009 Ab:(3,5)
48.876009 49.768073 D#:(3,5)
49.768073 52.296054 A#:(3,5,b7)
52.296054 53.108027 Ab:(3,5)
53.108027 55.672018 A#:(3,5,b7)
55.672018 57.104036 Ab:(3,5)
57.104036 58.256054 A#:(3,5)
58.256054 60.772063 E#:(b3,5,b7)
60.772063 63.988027 A#:(3,5,b7)
63.988027 65.924082 D#:(3,5)
65.924082 69.332063 A#:(3,5,b7)
69.332063 71.028027 D#:(3,5)
71.028027 73.272018 A#:(3,5,b7)
73.272018 75.560000 D#:(3,5)
75.560000 77.028027 A#:(3,5)
77.028027 77.848073 Ab:(3,5)
77.848073 80.132063 D#:(3,5)
80.132063 81.576054 A#:(3,5,b7)
81.576054 82.404082 Ab:(3,5)
82.404082 84.316009 D#:(3,5)
84.316009 84.600000 Ab:(3,5)
84.600000 85.196009 A#:(b3,5)
85.196009 86.868027 Ab:(3,5)
86.868027 87.744036 D#:(3,5)
87.744036 89.932063 A#:(3,5,b7)
89.932063 91.968073 Ab:(3,5)
91.968073 94.488073 A#:(3,5,b7)
94.488073 95.928073 Ab:(3,5)
95.928073 98.224036 A#:(3,5)
98.224036 99.412063 Ab:(3,5)
99.412063 100.796009 A#:(3,5,b7)
100.796009 103.400000 E#:(b3,5,b7)
103.400000 106.808073 A#:(3,5,b7)
106.808073 108.520000 D#:(3,5)
108.520000 111.916009 A#:(3,5,b7)
111.916009 113.348027 D#:(3,5)
113.348027 115.936054 A#:(3,5,b7)
115.936054 117.652063 D#:(3,5)
117.652063 119.660045 A#:(3,5,b7)
119.660045 122.796009 D#:(3,5)
122.796009 123.972063 A#:(3,5)
123.972063 125.104036 Ab:(3,5)
125.104036 127.096054 D#:(3,5)
127.096054 128.240000 A#:(3,5,b7)
128.240000 129.628027 Ab:(3,5)
129.628027 130.484082 D#:(3,5)
130.484082 132.800091 A#:(3,5)
132.800091 134.852063 Ab:(3,5)
134.852063 152.684082 A#:(3,5,b7)
152.684082 157.152653 N
