0.000000 1.156009 N
1.156009 3.148027 A:(b3,5)
3.148027 4.870023 D:(3,5)
4.870023 9.120000 G:(3,5)
9.120000 10.748027 A:(b3,5)
10.748027 12.580045 D:(3,5)
12.580045 17.028027 G:(3,5)
17.028027 18.756009 A:(b3,5)
18.756009 20.968073 D:(3,5)
20.968073 25.044082 G:(3,5)
25.044082 26.920000 C:(3,5)
26.920000 28.740045 C:(b3,5)
28.740045 32.760000 G:(3,5)
32.760000 34.670023 C:(3,5)
34.670023 36.880000 C:(b3,5)
36.880000 38.760000 A:(3,5)
38.760000 41.356009 D:(3,5,b7)
41.356009 42.870023 G:(3,5)
42.870023 44.384036 A:(b3,5)
44.384036 46.596009 D:(3,5,b7)
46.596009 50.660045 G:(3,5)
50.660045 52.572063 A:(b3,5)
52.572063 54.596009 D:(3,5,b7)
54.596009 58.564082 G:(3,5)
58.564082 60.552018 C:(3,5)
60.552018 62.540045 C:(b3,5)
62.540045 66.516009 G:(3,5)
66.516009 68.420045 C:(3,5)
68.420045 70.504036 C:(b3,5)
70.504036 72.532063 A:(3,5)
72.532063 74.960000 D:(3,5,b7)
74.960000 76.508027 G:(3,5)
76.508027 78.532063 A:(b3,5)
78.532063 80.420045 D:(3,5,b7)
80.420045 84.496054 G:(3,5)
84.496054 86.400091 A:(b3,5)
86.400091 88.448073 D:(3,5,b7)
88.448073 92.404082 G:(3,5)
92.404082 94.314014 C:(3,5)
94.314014 96.408073 C:(b3,5)
96.408073 100.368073 G:(3,5)
100.368073 102.306032 C:(3,5)
102.306032 104.368073 C:(b3,5)
104.368073 106.270023 A:(3,5)
106.270023 108.504036 D:(3,5,b7)
108.504036 110.368073 G:(3,5)
110.368073 112.156009 A:(b3,5)
112.156009 114.360000 D:(3,5,b7)
114.360000 118.280000 G:(3,5)
118.280000 120.192018 A:(b3,5)
120.192018 122.232018 D:(3,5,b7)
122.232018 126.318005 G:(3,5)
126.318005 128.160000 A:(b3,5)
128.160000 129.970068 D:(3,5,b7)
129.970068 134.128073 G:(3,5)
134.128073 136.048073 A:(b3,5)
136.048073 137.556009 D:(3,5,b7)
137.556009 143.512018 G:(3,5)
143.512018 147.632472 N
