0.000000 0.344036 N
0.344036 10.268027 G:(3,5)
10.268027 12.736054 D:(3,5)
12.736054 18.004082 C:(3,5)
18.004082 18.912018 G:(3,5)
18.912018 20.176054 D:(3,5)
20.176054 30.104036 G:(3,5)
30.104036 32.552018 D:(3,5)
32.552018 37.532063 C:(3,5)
37.532063 38.940045 G:(3,5)
38.940045 40.024036 D:(3,5)
40.024036 42.748027 G:(3,5)
42.748027 45.168073 B:(b3,5)
45.168073 47.560000 A:(3,5)
47.560000 49.892063 D:(3,5)
49.892063 51.332063 E:(b3,5)
51.332063 51.756009 A:(3,5)
51.756009 52.748027 D:(3,5)
52.748027 59.528073 G:(3,5)
59.528073 60.024036 C:(3,5)
60.024036 62.320000 D:(3,5)
62.320000 67.484082 C:(3,5,b7)
67.484082 68.896054 G:(3,5)
68.896054 69.976054 D:(3,5)
69.976054 72.452063 G:(3,5)
72.452063 75.104036 B:(b3,5)
75.104036 77.480000 A:(3,5)
77.480000 79.908027 D:(3,5)
79.908027 81.332063 E:(b3,5)
81.332063 81.784036 A:(3,5)
81.784036 82.724082 D:(3,5,b7)
82.724082 89.692063 G:(3,5)
89.692063 92.340045 D:(3,5,b7)
92.340045 96.648073 C:(3,5,b7)
96.648073 98.820045 G:(3,5)
98.820045 99.748027 D:(3,5)
99.748027 103.256054 G:(3,5)
103.256054 107.740590 N
