0.000000 0.624036 N
0.624036 2.108027 D#:(3,5)
2.108027 3.552018 Bb:(3,#5)
3.552018 4.664036 A#:(b3,5)
4.664036 5.688073 Ab:(3,5)
5.688073 6.392018 A#:(b3,5)
6.392018 7.784036 D:(3,5)
7.784036 9.220045 B:(3,5)
9.220045 11.440000 Ab:(3,5)
11.440000 12.144036 A#:(b3,5)
12.144036 14.340045 Ab:(3,5)
14.340045 15.072018 A#:(b3,5)
15.072018 17.248073 Ab:(3,5)
17.248073 17.984036 A#:(b3,5)
17.984036 22.916009 Ab:(3,5)
22.916009 27.052063 A#:(b3,5)
27.052063 28.996009 F#:(3,5,b7)
28.996009 29.884082 G:(b3,b5)
29.884082 30.676009 A:(3,5)
30.676009 36.332063 A#:(b3,5)
36.332063 37.780045 F#:(3,5,b7)
37.780045 39.240000 G:(b3,b5)
39.240000 40.604082 F:(3,5)
40.604082 42.056054 D#:(3,5)
42.056054 42.772063 Bb:(3,#5)
42.772063 43.488073 D:(3,5)
43.488073 44.892063 C#:(3,5)
44.892063 45.680000 Ab:(3,5)
45.680000 46.332063 A#:(b3,5,b7)
46.332063 47.796009 D:(3,5)
47.796009 49.220045 B:(3,5)
49.220045 54.308027 Ab:(3,5)
54.308027 55.048073 A#:(b3,5)
55.048073 57.228027 Ab:(3,5)
57.228027 57.956009 C#:(3,5)
57.956009 60.108027 Ab:(3,5)
60.108027 60.896054 A#:(b3,5)
60.896054 63.184036 G:(b3,5,b7)
63.184036 64.804082 C:(3,5)
64.804082 65.596009 D:(3,5)
65.596009 67.916009 F:(3,5)
67.916009 70.240000 A#:(3,5)
70.240000 72.584036 G:(b3,5,b7)
72.584036 74.484082 C:(3,5)
74.484082 74.848073 D:(3,5)
74.848073 77.200000 F:(3,5)
77.200000 80.652063 A#:(3,5)
80.652063 81.772063 A:(3,5)
81.772063 82.960000 D:(b3,5)
82.960000 83.352018 C:(3,5)
83.352018 83.672018 F:(3,5)
83.672018 84.040091 A#:(3,5)
84.040091 85.980045 D:(b3,5)
85.980045 87.152018 A#:(3,5)
87.152018 87.536054 F:(3,5)
87.536054 91.732063 G:(3,5)
91.732063 92.444082 B:(3,5,b7)
92.444082 93.868027 F:(3,5)
93.868027 95.316009 E:(3,5)
95.316009 97.492063 Ab:(3,5)
97.492063 98.248073 A#:(b3,5,b7)
98.248073 99.656054 D:(3,5)
99.656054 101.092063 B:(3,5)
101.092063 105.692063 G:(3,5)
105.692063 106.472018 C:(3,5)
106.472018 109.476009 G:(3,5)
109.476009 120.012063 D#:(3,5,b7)
120.012063 121.100045 C#:(b3,b5)
121.100045 122.636009 B:(3,5,b7)
122.636009 124.048073 D:(3,5)
124.048073 125.484082 A:(3,5)
125.484082 129.732063 D:(3,5)
129.732063 131.148027 B:(3,5)
131.148027 132.620045 E:(3,5)
132.620045 135.556009 F#:(3,5,b7)
135.556009 142.440000 N
142.440000 143.920000 F#:(3,5,b7)
143.920000 150.960000 N
150.960000 152.488073 F#:(3,5,b7)
152.488073 154.068027 G:(b3,5,b7)
154.068027 155.256054 F:(3,5)
155.256054 156.672018 D#:(3,5)
156.672018 157.388027 Bb:(3,#5)
157.388027 158.084082 D:(3,5)
158.084082 159.528073 C#:(3,5)
159.528073 160.244082 Ab:(3,5)
160.244082 160.948027 A#:(b3,5,b7)
160.948027 162.348027 D:(3,5)
162.348027 163.760000 B:(3,5)
163.760000 168.780045 Ab:(3,5)
168.780045 169.492063 A#:(b3,5,b7)
169.492063 171.624036 Ab:(3,5)
171.624036 172.340045 A#:(b3,5,b7)
172.340045 174.476009 Ab:(3,5)
174.476009 175.196009 A#:(b3,5,b7)
175.196009 183.762721 Ab:(3,5)
