0.000000 0.908027 N
0.908027 6.576054 G:(3,5)
6.576054 7.928073 D:(3,5,b7)
7.928073 15.304036 G:(3,5)
15.304036 18.872018 C:(3,5)
18.872018 22.384036 G:(3,5)
22.384036 24.196009 G:(3,5,7)
24.196009 27.812063 C:(3,5)
27.812063 33.724082 G:(3,5)
33.724082 36.900045 G:(3,5,b7)
36.900045 40.700045 C:(3,5)
40.700045 46.136054 G:(3,5)
46.136054 49.632018 C:(3,5)
49.632018 50.540045 G:(3,5)
50.540045 52.320000 G:(3,5,7)
52.320000 58.344036 G:(3,5)
58.344036 62.476009 C:(3,5)
62.476009 67.952018 G:(3,5)
67.952018 69.776054 C:(3,5)
69.776054 72.140045 G:(3,5)
72.140045 73.448073 G:(b3,5)
73.448073 80.604082 G:(3,5)
80.604082 84.408073 C:(3,5)
84.408073 88.060045 G:(3,5)
88.060045 89.872018 G:(3,5,7)
89.872018 91.716009 C:(3,5)
91.716009 94.060045 G:(3,5)
94.060045 95.412063 G:(b3,5)
95.412063 102.292063 G:(3,5)
102.292063 106.440000 C:(3,5)
106.440000 110.104036 G:(3,5,b7)
110.104036 111.944036 G:(3,5,7)
111.944036 113.772063 C:(3,5)
113.772063 115.588027 C:(3,5,7)
115.588027 117.400000 D:(3,5)
117.400000 122.940045 G:(3,5)
122.940045 124.272018 G:(3,5,b7)
124.272018 128.408073 C:(3,5,b7)
128.408073 132.052063 G:(3,5)
132.052063 133.832018 D:(3,5,b7)
133.832018 137.360091 C:(3,5,b7)
137.360091 139.164082 D:(3,5,b7)
139.164082 144.656054 G:(3,5)
144.656054 146.052063 G:(3,5,b7)
146.052063 153.437460 C:(3,5,b7)
