0.000000 0.344036 N
0.344036 1.312018 G:(3,5)
1.312018 2.012063 D:(3,5)
2.012063 3.108027 G:(3,5,7)
3.108027 4.020045 D:(3,5)
4.020045 4.960000 G:(3,5)
4.960000 5.644082 D:(3,5)
5.644082 6.760000 G:(3,5)
6.760000 7.736054 D:(3,5)
7.736054 8.692063 G:(3,5)
8.692063 9.404082 D:(3,5)
9.404082 10.428027 G:(3,5)
10.428027 11.096054 D:(3,5)
11.096054 12.236009 G:(3,5)
12.236009 13.208073 D:(3,5)
13.208073 14.112018 G:(3,5)
14.112018 14.792018 D:(3,5)
14.792018 15.904036 G:(3,5)
15.904036 16.600091 D:(3,5)
16.600091 18.688073 E:(b3,5)
18.688073 20.312018 C:(3,5)
20.312018 22.160000 D:(3,5)
22.160000 23.276009 G:(3,5)
23.276009 23.964082 D:(3,5)
23.964082 25.144036 G:(3,5)
25.144036 26.028027 D:(3,5)
26.028027 26.956009 G:(3,5,7)
26.956009 27.628027 D:(3,5)
27.628027 28.732063 G:(3,5)
28.732063 29.420045 D:(3,5)
29.420045 30.628027 G:(3,5)
30.628027 31.324082 D:(3,5)
31.324082 32.388027 G:(3,5)
32.388027 33.052063 D:(3,5)
33.052063 34.208073 G:(3,5)
34.208073 34.900045 D:(3,5)
34.900045 36.940045 E:(b3,5)
36.940045 38.332063 C:(3,5)
38.332063 40.660045 B:(3,5,b7)
40.660045 42.272018 E:(b3,5)
42.272018 44.136054 C:(3,5)
44.136054 45.944036 G:(3,5)
45.944036 46.176054 G:(b3,5)
46.176054 46.836009 B:(3,5,7)
46.836009 47.936054 B:(3,5,b7)
47.936054 51.608073 E:(b3,5)
51.608073 54.404082 G:(3,5)
54.404082 54.624036 G:(b3,5)
54.624036 55.284082 D:(3,5)
55.284082 56.264036 C:(3,5)
56.264036 57.200000 C:(3,5,7)
57.200000 58.768073 D:(3,5)
58.768073 60.648073 G:(3,5)
60.648073 62.656054 E:(b3,5)
62.656054 63.376054 C:(3,5)
63.376054 64.296054 C:(3,5,7)
64.296054 66.344036 D:(3,5)
66.344036 67.284082 G:(3,5)
67.284082 67.728073 D:(3,5)
67.728073 69.128073 G:(3,5)
69.128073 71.544036 D:(3,5)
71.544036 74.648073 G:(3,5,7)
74.648073 75.308027 D:(3,5)
75.308027 76.480000 G:(3,5)
76.480000 77.164082 D:(3,5)
77.164082 78.316009 G:(3,5)
78.316009 78.968073 D:(3,5)
78.968073 81.056054 E:(b3,5)
81.056054 82.452063 C:(3,5)
82.452063 84.496054 D:(3,5)
84.496054 87.476009 G:(3,5)
87.476009 88.188027 D:(3,5)
88.188027 89.336054 G:(3,5)
89.336054 90.016054 D:(3,5)
90.016054 92.976054 G:(3,5)
92.976054 93.692063 D:(3,5)
93.692063 94.812063 G:(3,5)
94.812063 95.492063 D:(3,5)
95.492063 96.636009 G:(3,5)
96.636009 97.360000 D:(3,5)
97.360000 99.156009 E:(b3,5)
99.156009 100.992018 C:(3,5)
100.992018 102.800000 D:(3,5)
102.800000 105.768073 G:(3,5)
105.768073 106.692063 D:(3,5)
106.692063 109.396009 G:(3,5,7)
109.396009 110.072018 G:(b3,5,7)
110.072018 111.196009 G:(3,5)
111.196009 111.892063 D:(3,5)
111.892063 113.060045 G:(3,5)
113.060045 113.736054 D:(3,5)
113.736054 114.908027 G:(3,5)
114.908027 115.572063 D:(3,5)
115.572063 117.424036 E:(b3,5)
117.424036 119.032018 C:(3,5)
119.032018 121.328073 B:(3,5,b7)
121.328073 123.176054 E:(b3,5)
123.176054 125.008073 C:(3,5)
125.008073 126.632018 G:(3,5)
126.632018 126.856054 G:(b3,5)
126.856054 128.496054 B:(3,5)
128.496054 132.384036 E:(b3,5)
132.384036 134.932063 G:(3,5)
134.932063 136.052063 G:(b3,5)
136.052063 137.012063 C:(3,5)
137.012063 137.972063 C:(3,5,7)
137.972063 139.784036 D:(3,5)
139.784036 141.436009 G:(3,5,7)
141.436009 143.436009 E:(b3,5)
143.436009 145.120000 C:(3,5,7)
145.120000 147.144036 D:(3,5)
147.144036 149.980045 G:(3,5)
149.980045 150.708027 D:(3,5)
150.708027 151.836009 G:(3,5)
151.836009 152.532063 D:(3,5)
152.532063 153.684082 G:(3,5)
153.684082 154.364082 D:(3,5)
154.364082 155.548027 G:(3,5)
155.548027 155.996009 D:(3,5)
155.996009 157.408073 G:(3,5)
157.408073 158.092063 D:(3,5)
158.092063 159.284082 G:(3,5)
159.284082 159.744036 D:(3,5)
159.744036 164.072200 N
