0.000000 5.680000 N
5.680000 8.988027 A:(3,5)
8.988027 10.424036 F#:(b3,5)
10.424036 13.208073 A:(3,#5)
13.208073 14.188027 G:(b3,b5)
14.188027 16.088073 F#:(b3,5,b7)
16.088073 18.328073 F:(3,5)
18.328073 18.788027 D:(b3,5)
18.788027 21.572063 A:(3,5)
21.572063 22.920091 F#:(b3,5,b7)
22.920091 23.860045 A:(3,#5)
23.860045 29.800000 A:(3,5)
29.800000 31.096054 D:(b3,5)
31.096054 32.396009 A:(3,#5)
32.396009 35.024036 A#:(3,5)
35.024036 37.680000 C:(3,5)
37.680000 40.236009 D:(b3,5)
40.236009 42.784036 A#:(3,5)
42.784036 43.820045 C:(3,5)
43.820045 47.704036 G:(3,5)
47.704036 49.848073 D:(3,5)
49.848073 51.844082 G:(3,5)
51.844082 52.804082 C:(3,5)
52.804082 55.656054 D:(3,5)
55.656054 58.264036 G:(3,5)
58.264036 60.648073 D:(3,5)
60.648073 63.012063 G:(3,5)
63.012063 68.452063 D:(3,5)
68.452063 70.712018 A:(3,5,7)
70.712018 75.208073 A:(3,5)
75.208073 76.516009 A:(3,5,b7)
76.516009 77.824036 F#:(b3,5,b7)
77.824036 80.044082 F:(3,5)
80.044082 83.060045 A:(3,5)
83.060045 84.408073 F#:(b3,5,b7)
84.408073 85.796009 A:(3,#5)
85.796009 86.256054 A:(3,5,7)
86.256054 91.052063 A:(3,5)
91.052063 94.448073 D:(b3,5)
94.448073 96.156009 A#:(3,5)
96.156009 97.820045 C:(3,5)
97.820045 101.028027 D:(b3,5)
101.028027 103.448073 A#:(3,5)
103.448073 105.528073 C:(3,5)
105.528073 108.188027 G:(3,5)
108.188027 110.364082 D:(3,5)
110.364082 112.304036 G:(3,5)
112.304036 113.656054 C:(3,5)
113.656054 116.096054 D:(3,5)
116.096054 117.480000 G:(3,5)
117.480000 118.460045 C:(3,5)
118.460045 121.160000 D:(3,5)
121.160000 122.580045 G:(3,5)
122.580045 123.536054 C:(3,5)
123.536054 128.596009 D:(3,5)
128.596009 131.636009 A:(3,5)
131.636009 133.020045 F#:(b3,5,b7)
133.020045 133.960000 A:(3,#5)
133.960000 137.064036 A:(3,5)
137.064036 138.364082 F#:(b3,5,b7)
138.364082 140.540045 F:(3,5)
140.540045 140.984036 D:(b3,5)
140.984036 143.580045 A:(3,5)
143.580045 144.920000 F#:(b3,5,b7)
144.920000 146.216054 A:(3,#5)
146.216054 146.664036 A:(3,5,7)
146.664036 147.516009 A:(3,5)
147.516009 148.824036 G:(3,5)
148.824036 151.372063 F#:(b3,5,b7)
151.372063 152.348027 D:(3,5)
152.348027 153.880000 A:(3,5)
153.880000 156.424036 G:(3,5)
156.424036 158.772063 D:(3,5)
158.772063 160.148027 G:(3,5)
160.148027 161.412063 C:(3,5)
161.412063 163.676009 D:(3,5)
163.676009 165.076009 G:(3,5)
165.076009 165.532063 C:(3,5)
165.532063 171.220045 D:(3,5)
171.220045 173.640000 A:(3,5)
173.640000 174.912018 G:(3,5)
174.912018 175.856054 C:(3,5)
175.856054 178.728073 D:(3,5)
178.728073 179.792018 G:(3,5)
179.792018 180.712018 C:(3,5)
180.712018 183.356009 D:(3,5)
183.356009 184.716009 G:(3,5)
184.716009 185.172063 C:(3,5)
185.172063 190.768073 D:(3,5)
190.768073 193.560000 A:(3,5)
193.560000 194.548027 G:(3,5)
194.548027 194.992018 C:(3,5)
194.992018 197.020045 D:(3,5)
197.020045 204.548027 G:(3,5,7)
204.548027 205.044082 C:(3,5)
205.044082 208.422313 D:(3,5)
