0.000000 0.348027 N
0.348027 1.228027 E:(3,5,b7)
1.228027 2.392018 G:(3,5)
2.392018 7.920000 A:(3,5)
7.920000 10.828027 D:(3,5)
10.828027 14.464036 A:(3,5)
14.464036 18.232018 E:(3,5)
18.232018 19.664036 A:(3,5)
19.664036 21.136054 E:(3,5)
21.136054 22.592018 A:(3,5)
22.592018 24.744036 E:(3,5)
24.744036 25.468027 E:(3,5,b7)
25.468027 28.348027 A:(3,5)
28.348027 31.216054 D:(3,5)
31.216054 34.136054 E:(3,5,b7)
34.136054 39.716009 A:(3,5)
39.716009 42.684082 D:(3,5)
42.684082 45.672018 A:(3,5)
45.672018 49.776054 E:(3,5)
49.776054 51.668027 A:(3,5)
51.668027 52.760000 E:(3,5)
52.760000 53.520000 A:(3,5)
53.520000 57.440000 E:(3,5,b7)
57.440000 59.904036 A:(3,5)
59.904036 62.756009 D:(3,5)
62.756009 64.660045 E:(3,5)
64.660045 65.640000 G:(3,5)
65.640000 71.440000 A:(3,5)
71.440000 74.296054 D:(3,5)
74.296054 77.168073 A:(3,5)
77.168073 81.120000 E:(3,5,b7)
81.120000 82.920000 A:(3,5)
82.920000 84.776054 E:(3,5)
84.776054 88.796009 E:(3,5,b7)
88.796009 91.344036 A:(3,5)
91.344036 94.244082 D:(3,5)
94.244082 95.868027 E:(3,5)
95.868027 96.992018 G:(3,5)
96.992018 102.428027 A:(3,5)
102.428027 105.532063 D:(3,5)
105.532063 108.512018 A:(3,5)
108.512018 112.832018 E:(3,5)
112.832018 114.264036 A:(3,5)
114.264036 120.148027 E:(3,5,b7)
120.148027 122.852063 A:(3,5)
122.852063 125.772063 D:(3,5)
125.772063 128.300045 E:(3,5,b7)
128.300045 134.176054 A:(3,5)
134.176054 137.080091 D:(3,5)
137.080091 139.904036 A:(3,5)
139.904036 144.252063 E:(3,5,b7)
144.252063 145.696054 A:(3,5)
145.696054 147.116009 E:(3,5)
147.116009 149.112018 A:(3,5)
149.112018 153.716100 N
