0.000000 0.388027 N
0.388027 2.780045 Ab:(3,#5)
2.780045 6.590023 A:(3,5,7)
6.590023 7.096054 A:(3,5)
7.096054 11.296054 E:(3,5)
11.296054 14.412063 F#:(b3,5)
14.412063 15.400000 A:(3,5)
15.400000 19.612063 D:(3,5)
19.612063 21.676009 B:(b3,5,b7)
21.676009 23.238005 E:(3,5,b7)
23.238005 25.864036 B:(b3,5,b7)
25.864036 27.960000 E:(3,5,b7)
27.960000 29.932063 A:(3,5)
29.932063 31.390023 D:(3,5)
31.390023 33.872018 A:(3,5)
33.872018 35.402086 E:(3,5)
35.402086 40.124082 A:(3,5)
40.124082 44.276009 E:(3,5)
44.276009 48.456054 F#:(b3,5)
48.456054 53.108027 D:(3,5)
53.108027 54.704036 B:(b3,5,b7)
54.704036 56.740045 E:(3,5,b7)
56.740045 58.844082 B:(b3,5,b7)
58.844082 60.920000 E:(3,5)
60.920000 62.920000 A:(3,5)
62.920000 64.384036 D:(3,5)
64.384036 66.808073 A:(3,5)
66.808073 68.668027 A:(3,5,b7)
68.668027 72.260045 D:(3,5)
72.260045 72.780045 E:(3,5)
72.780045 76.896054 F:(3,5)
76.896054 85.156009 A:(3,5)
85.156009 93.360000 B:(3,5)
93.360000 95.424036 E:(3,5)
95.424036 97.424036 F:(3,5)
97.424036 99.516009 E:(3,5)
99.516009 101.616054 Ab:(3,#5)
101.616054 105.892063 A:(3,5)
105.892063 110.080000 E:(3,5)
110.080000 114.372063 F#:(b3,5)
114.372063 118.500045 D:(3,5)
118.500045 120.692063 B:(b3,5,b7)
120.692063 122.708027 E:(3,5,b7)
122.708027 125.032018 B:(b3,5,b7)
125.032018 127.088073 E:(3,5,b7)
127.088073 129.108027 A:(3,5)
129.108027 130.596009 D:(3,5)
130.596009 134.828027 A:(3,5)
134.828027 138.956009 D:(3,5)
138.956009 142.578050 F:(3,5)
142.578050 143.092063 G:(3,5)
143.092063 151.328073 A:(3,5)
151.328073 159.556009 B:(3,5)
159.556009 161.616054 E:(3,5)
161.616054 163.616054 F:(3,5)
163.616054 165.780045 E:(3,5)
165.780045 167.454059 Ab:(3,#5)
167.454059 172.260045 A:(3,5)
172.260045 176.444082 E:(3,5)
176.444082 180.664036 F#:(b3,5)
180.664036 184.876009 D:(3,5)
184.876009 187.004082 B:(b3,5,b7)
187.004082 189.060045 E:(3,5,b7)
189.060045 191.160000 B:(b3,5,b7)
191.160000 193.284082 E:(3,5,b7)
193.284082 195.288073 A:(3,5)
195.288073 196.788027 D:(3,5)
196.788027 206.704036 A:(3,5)
