0.000000 0.484082 N
0.484082 2.400000 C:(3,5,b7)
2.400000 4.712018 F:(3,5,b7)
4.712018 5.788027 D:(3,5)
5.788027 6.832018 G:(3,5,b7)
6.832018 8.472018 C:(3,5)
8.472018 11.044082 N
11.044082 12.064036 D:(b3,5,b7)
12.064036 13.212063 G:(3,5,b7)
13.212063 17.372063 C:(3,5)
17.372063 18.416054 D:(b3,5)
18.416054 21.148027 C:(3,5)
21.148027 22.608073 A:(b3,5)
22.608073 23.756009 D:(3,5,b7)
23.756009 24.732063 A:(b3,5,b7)
24.732063 26.516009 D:(3,5,b7)
26.516009 27.636009 G:(3,5)
27.636009 32.220045 C:(3,5)
32.220045 33.292063 D:(b3,5)
33.292063 34.336054 G:(3,5,b7)
34.336054 38.584036 C:(3,5)
38.584036 39.648073 D:(b3,5)
39.648073 42.460045 C:(3,5)
42.460045 45.996009 A:(b3,5)
45.996009 47.060045 D:(3,5,b7)
47.060045 47.812063 C:(3,5)
47.812063 49.196009 C:(3,5,7)
49.196009 51.156009 C:(3,5)
51.156009 53.372063 D:(3,5)
53.372063 55.400000 C:(3,5)
55.400000 57.496054 D:(3,5)
57.496054 59.984036 C:(3,5)
59.984036 61.932063 D:(3,5)
61.932063 63.972063 C:(3,5)
63.972063 64.724082 D:(3,5)
64.724082 66.128073 G:(3,5,7)
66.128073 68.288073 C:(3,5)
68.288073 69.356009 D:(3,5)
69.356009 70.380045 G:(3,5,b7)
70.380045 74.556009 C:(3,5)
74.556009 75.676009 D:(b3,5)
75.676009 76.712018 G:(3,5,b7)
76.712018 80.924082 C:(3,5)
80.924082 81.896054 D:(b3,5)
81.896054 83.004082 G:(3,5,b7)
83.004082 84.300045 C:(3,5)
84.300045 84.728073 C:(3,5,b7)
84.728073 86.216054 A:(b3,5)
86.216054 87.296054 D:(3,5,b7)
87.296054 88.384036 A:(b3,5)
88.384036 89.404082 D:(3,5,b7)
89.404082 91.596009 G:(3,5)
91.596009 95.736054 C:(3,5)
95.736054 96.848073 D:(b3,5)
96.848073 97.860045 G:(3,5)
97.860045 102.012063 C:(3,5)
102.012063 103.480000 D:(b3,5,b7)
103.480000 104.232018 G:(3,5)
104.232018 106.232018 C:(3,5)
106.232018 109.492063 A:(b3,5)
109.492063 110.568073 D:(3,5,b7)
110.568073 112.684082 G:(3,5)
112.684082 114.604082 C:(3,5)
114.604082 116.808073 B:(b3,5,b7)
116.808073 118.956009 C:(3,5)
118.956009 120.728073 G:(3,5,7)
120.728073 122.576054 C:(3,5)
122.576054 123.216054 G:(b3,5)
123.216054 125.040000 G:(3,5,7)
125.040000 127.424036 C:(3,5)
127.424036 128.488073 D:(3,5)
128.488073 129.680000 G:(3,5)
129.680000 131.728073 C:(3,5)
131.728073 132.884082 D:(3,5)
132.884082 133.956009 G:(3,5)
133.956009 135.224036 C:(3,5)
135.224036 138.158730 N
