0.000000 0.260045 N
0.260045 9.124082 D:(3,5)
9.124082 11.062041 G:(3,5)
11.062041 11.838005 C:(3,5)
11.838005 12.616054 G:(3,5)
12.616054 15.676009 D:(3,5)
15.676009 17.298050 G:(3,5)
17.298050 18.068027 C:(3,5)
18.068027 18.850068 G:(3,5)
18.850068 20.394014 D:(3,5)
20.394014 21.178050 A#:(3,5)
21.178050 21.954014 C:(3,5)
21.954014 23.092063 D:(3,5)
23.092063 24.936054 E:(3,5)
24.936054 27.752018 D:(3,5)
27.752018 29.704036 G:(3,5)
29.704036 30.442086 C:(3,5)
30.442086 31.234014 G:(3,5)
31.234014 34.432018 D:(3,5)
34.432018 36.008073 G:(3,5)
36.008073 36.776054 C:(3,5)
36.776054 37.510023 G:(3,5)
37.510023 39.020045 D:(3,5)
39.020045 39.860045 A#:(3,5)
39.860045 40.688073 C:(3,5)
40.688073 43.834014 D:(3,5)
43.834014 46.982041 G:(3,5)
46.982041 48.412063 C:(3,5)
48.412063 50.124082 G:(3,5)
50.124082 53.272018 A#:(3,5)
53.272018 54.044082 E:(3,5)
54.044082 54.816054 A:(3,5)
54.816054 58.032018 N
58.032018 59.190023 A:(3,5)
59.190023 60.722086 E:(3,5)
60.722086 61.104036 A:(3,5)
61.104036 61.554014 G:(3,5)
61.554014 62.004082 F#:(3,5)
62.004082 62.384036 E:(3,5)
62.384036 65.104036 D:(3,5)
65.104036 67.058050 G:(3,5)
67.058050 67.830023 C:(3,5)
67.830023 68.606077 G:(3,5)
68.606077 71.760000 D:(3,5)
71.760000 73.312018 G:(3,5)
73.312018 74.044082 C:(3,5)
74.044082 74.790023 G:(3,5)
74.790023 76.308027 D:(b3,5)
76.308027 77.140045 A#:(3,5)
77.140045 77.976054 C:(3,5)
77.976054 81.054059 D:(3,5)
81.054059 83.854059 A#:(3,5)
83.854059 84.252063 G:(3,5)
84.252063 85.016054 D:(3,5)
85.016054 85.808073 G:(3,5)
85.808073 87.376054 D:(3,5)
87.376054 90.328073 A#:(3,5)
90.328073 91.276009 E:(3,5)
91.276009 92.056054 A:(3,5)
92.056054 96.072018 N
96.072018 98.090068 E:(3,5)
98.090068 98.536054 A:(3,5)
98.536054 109.108027 N
109.108027 110.660045 G:(3,5)
110.660045 111.450068 C:(3,5)
111.450068 118.306032 N
118.306032 121.140045 D:(3,5)
121.140045 123.086077 G:(3,5)
123.086077 123.810068 C:(3,5)
123.810068 124.540045 G:(3,5)
124.540045 127.320000 D:(3,5)
127.320000 129.376054 G:(3,5)
129.376054 130.164082 C:(3,5)
130.164082 130.948027 G:(3,5)
130.948027 131.730068 D:(3,5)
131.730068 132.494059 D:(b3,5)
132.494059 134.074014 A#:(3,5)
134.074014 135.664036 D:(b3,5)
135.664036 136.444082 A#:(3,5)
136.444082 137.156009 C:(3,5)
137.156009 138.798005 D:(3,5)
138.798005 152.938050 N
152.938050 154.108027 D:(3,5,b7)
154.108027 155.296054 A#:(3,5)
155.296054 156.080000 C:(3,5)
156.080000 157.648073 D:(3,5)
157.648073 158.430023 A#:(3,5)
158.430023 159.208073 C:(3,5)
159.208073 160.380045 D:(3,5)
160.380045 162.024036 A#:(3,5)
162.024036 163.793560 N
