0.000000 1.132063 N
1.132063 2.660045 F#:(b3,5)
2.660045 4.300045 B:(3,5)
4.300045 5.836009 E:(3,5)
5.836009 8.500045 C#:(b3,5)
8.500045 11.188027 F#:(b3,5)
11.188027 11.964082 D:(3,5)
11.964082 13.476009 B:(3,5,b7)
13.476009 15.000000 F#:(b3,5)
15.000000 16.544036 B:(3,5)
16.544036 18.092063 E:(3,5)
18.092063 19.620045 C#:(b3,5)
19.620045 21.172063 A:(3,5)
21.172063 22.744036 B:(3,5)
22.744036 25.004082 E:(3,5)
25.004082 27.236009 F#:(b3,5)
27.236009 28.876009 B:(3,5)
28.876009 30.396009 E:(3,5)
30.396009 31.928073 C#:(b3,5)
31.928073 33.468027 A:(3,5)
33.468027 35.012063 F#:(b3,5)
35.012063 36.592018 D:(3,5)
36.592018 38.120000 B:(3,5)
38.120000 39.720000 F#:(b3,5)
39.720000 41.224036 B:(3,5)
41.224036 42.768073 E:(3,5)
42.768073 45.516009 C#:(b3,5)
45.516009 47.424036 B:(3,5)
47.424036 50.124082 E:(3,5)
50.124082 52.048073 C#:(b3,5)
52.048073 53.600000 Ab:(3,#5)
53.600000 56.684082 E:(3,5,7)
56.684082 58.220045 C#:(b3,5)
58.220045 59.776054 Ab:(3,#5)
59.776054 62.852063 E:(3,5)
62.852063 65.884082 A:(3,5,b7)
65.884082 68.928073 E:(3,5,7)
68.928073 70.464036 F#:(b3,5)
70.464036 71.972063 B:(3,5,b7)
71.972063 74.276009 E:(3,5)
74.276009 75.072018 Ab:(b3,5)
75.072018 76.572063 F#:(b3,5)
76.572063 78.140045 B:(3,5)
78.140045 79.312018 E:(3,5)
79.312018 82.788027 C#:(b3,5)
82.788027 84.356009 F#:(b3,5)
84.356009 85.924082 D:(3,5)
85.924082 87.460045 B:(3,5,b7)
87.460045 89.032018 F#:(b3,5)
89.032018 90.560000 B:(3,5)
90.560000 91.368073 E:(3,5)
91.368073 93.684082 C#:(b3,5)
93.684082 94.856054 A:(3,5)
94.856054 96.692063 B:(3,5)
96.692063 99.492063 E:(3,5)
99.492063 101.444082 C#:(b3,5)
101.444082 102.972063 Ab:(3,#5)
102.972063 103.356009 E:(3,#5,7)
103.356009 104.516009 E:(3,5,7)
104.516009 105.696054 E:(3,5)
105.696054 106.092063 E:(3,5,7)
106.092063 107.628027 C#:(b3,5)
107.628027 109.188027 Ab:(3,#5)
109.188027 112.272018 E:(3,5)
112.272018 115.392018 C#:(b3,5)
115.392018 118.480000 E:(3,5)
118.480000 121.496054 C#:(b3,5)
121.496054 126.184036 E:(3,5)
126.184036 129.567347 N
