0.000000 0.300045 N
0.300045 2.760000 C#:(3,5)
2.760000 6.780045 F:(b3,5)
6.780045 10.060045 Ab:(3,5)
10.060045 11.668027 C#:(3,5)
11.668027 13.240000 C#:(3,5,7)
13.240000 16.030023 E#:(b3,5,b7)
16.030023 19.188027 D#:(b3,5,b7)
19.188027 21.532063 Ab:(3,5)
21.532063 23.496054 Ab:(3,5,b7)
23.496054 25.108027 C#:(3,5)
25.108027 29.460045 C#:(3,5,7)
29.460045 31.468027 D#:(b3,5,b7)
31.468027 34.250068 F#:(b3,5)
34.250068 41.100045 C#:(3,5)
41.100045 50.652063 Ab:(3,5,b7)
50.652063 53.776054 Gb:(3,5,7)
53.776054 56.900045 C#:(3,5)
56.900045 58.492063 Ab:(3,5)
58.492063 63.192018 Ab:(3,5,b7)
63.192018 64.780045 F#:(3,5)
64.780045 66.396009 Gb:(3,5,7)
66.396009 73.052063 C#:(3,5)
73.052063 75.392018 E#:(b3,5,b7)
75.392018 78.892063 D#:(b3,5,b7)
78.892063 81.752018 Ab:(3,5)
81.752018 84.656054 C#:(3,5)
84.656054 87.924082 C#:(3,5,7)
87.924082 91.504036 D#:(b3,5,b7)
91.504036 95.436009 Ab:(3,5)
95.436009 101.788027 C#:(3,5)
101.788027 111.308027 Ab:(3,5,b7)
111.308027 114.048073 F#:(3,5)
114.048073 117.552018 C#:(3,5)
117.552018 119.124082 Ab:(3,5)
119.124082 123.768073 Ab:(3,5,b7)
123.768073 126.944036 Gb:(3,5,7)
126.944036 133.468027 C#:(3,5)
133.468027 136.272018 C#:(3,5,7)
136.272018 137.708027 D#:(b3,5,b7)
137.708027 140.832018 F#:(b3,5)
140.832018 142.384036 C#:(3,5)
142.384036 147.020045 C#:(3,5,7)
147.020045 149.816054 D#:(b3,5,b7)
149.816054 153.304036 Ab:(3,5,b7)
153.304036 159.540045 C#:(3,5)
159.540045 168.944036 Ab:(3,5,b7)
168.944036 172.072018 F#:(3,5)
172.072018 175.124082 C#:(3,5)
175.124082 176.684082 Ab:(3,5)
176.684082 181.332063 Ab:(3,5,b7)
181.332063 184.440000 F#:(3,5)
184.440000 224.472018 C#:(3,5)
224.472018 228.530794 N
