0.000000 0.364082 N
0.364082 3.272018 E:(3,5)
3.272018 3.880000 D:(3,5)
3.880000 4.840000 A:(3,5)
4.840000 6.280000 E:(3,5)
6.280000 7.008073 D:(3,5)
7.008073 7.552018 A:(3,5)
7.552018 8.796009 E:(3,5)
8.796009 9.328073 D#:(3,5,b7)
9.328073 9.872018 D:(3,5)
9.872018 10.404082 A:(3,5)
10.404082 12.004082 E:(3,5)
12.004082 13.432018 G:(3,5)
13.432018 14.856054 B:(3,5,b7)
14.856054 15.592018 C:(3,5)
15.592018 16.140045 D:(3,5)
16.140045 17.580045 E:(3,5)
17.580045 18.464036 C:(3,5)
18.464036 19.004082 D:(3,5)
19.004082 20.588027 E:(3,5)
20.588027 21.340045 D:(3,5)
21.340045 21.948027 A:(3,5)
21.948027 23.568073 E:(3,5)
23.568073 24.128073 D:(3,5)
24.128073 25.052063 A:(3,5)
25.052063 26.360000 E:(3,5)
26.360000 27.088073 D:(3,5)
27.088073 27.808073 A:(3,5)
27.808073 29.376054 E:(3,5)
29.376054 30.104036 D:(3,5)
30.104036 30.684082 A:(3,5)
30.684082 32.088073 E:(3,5)
32.088073 33.708027 G:(3,5)
33.708027 35.104036 B:(3,5,b7)
35.104036 35.824036 C:(3,5)
35.824036 36.368073 D:(3,5)
36.368073 38.012063 E:(3,5)
38.012063 38.712018 C:(3,5)
38.712018 39.236009 D:(3,5)
39.236009 40.648073 E:(3,5)
40.648073 42.380045 A:(3,5)
42.380045 44.080000 E:(3,5)
44.080000 45.520091 A:(3,5)
45.520091 46.960000 E:(3,5)
46.960000 47.328073 D:(3,5)
47.328073 48.224036 A:(3,5)
48.224036 49.472018 E:(3,5,b7)
49.472018 49.848073 G:(b3,5,b7)
49.848073 50.204082 D:(3,5)
50.204082 51.096054 A:(3,5)
51.096054 52.532063 E:(3,5,b7)
52.532063 53.068027 G:(3,5)
53.068027 53.984036 A:(3,5)
53.984036 55.448073 E:(3,5)
55.448073 56.144036 D:(3,5)
56.144036 56.864036 A:(3,5)
56.864036 57.944036 E:(3,5)
57.944036 58.468027 A:(b3,5,b7)
58.468027 59.012063 D:(3,5)
59.012063 59.540045 A:(3,5)
59.540045 61.364082 E:(b3,5)
61.364082 62.080000 D:(3,5)
62.080000 62.636009 A:(3,5)
62.636009 63.520000 E:(b3,5)
63.520000 63.852063 E:(3,5)
63.852063 64.800000 D:(3,5)
64.800000 65.352018 A:(3,5)
65.352018 66.760000 E:(b3,5)
66.760000 67.128073 A:(b3,5,b7)
67.128073 67.696054 D:(3,5)
67.696054 68.228027 A:(3,5)
68.228027 70.024036 E:(b3,5)
70.024036 72.280000 E:(3,5)
72.280000 72.724898 N
