0.000000 0.488073 N
0.488073 2.576054 A:(3,5)
2.576054 4.632018 E:(3,5,b7)
4.632018 7.600000 A:(3,5)
7.600000 10.020045 E:(3,5)
10.020045 13.768073 A:(3,5)
13.768073 16.240000 E:(3,5)
16.240000 19.112018 A:(3,5)
19.112018 25.924082 E:(3,5)
25.924082 27.104036 A:(3,5)
27.104036 27.848073 F#:(3,5)
27.848073 30.720000 E:(3,5)
30.720000 33.180045 A:(3,5)
33.180045 35.600000 E:(3,5)
35.600000 38.420045 A:(3,5)
38.420045 40.484082 E:(3,5)
40.484082 43.024036 A:(3,5)
43.024036 45.532063 D:(3,5)
45.532063 47.044082 A:(3,5)
47.044082 47.896054 C#:(b3,5)
47.896054 50.252063 E:(3,5)
50.252063 51.432018 A:(3,5)
51.432018 52.580045 B:(3,5)
52.580045 53.712018 E:(3,5)
53.712018 54.756009 C#:(3,5)
54.756009 55.992018 F#:(3,5)
55.992018 57.288073 E:(3,5)
57.288073 58.588027 D:(3,5)
58.588027 61.580045 C#:(b3,5,b7)
61.580045 62.824036 A:(3,5)
62.824036 65.316009 E:(3,5,b7)
65.316009 66.912018 A:(3,5)
66.912018 69.772063 E:(3,5)
69.772063 76.788027 A:(3,5)
76.788027 78.764082 G#:(b3,b5,b7)
78.764082 80.384036 A:(3,5)
80.384036 83.596009 E:(3,5)
83.596009 86.128073 A:(3,5)
86.128073 88.588027 D:(3,5)
88.588027 91.204082 A:(3,5)
91.204082 92.556009 D:(3,5)
92.556009 94.848073 C#:(b3,5)
94.848073 95.628027 F#:(3,5)
95.628027 98.500045 A:(3,5)
98.500045 100.635283 N
