0.000000 0.300045 N
0.300045 2.988027 D#:(3,5)
2.988027 3.600000 D:(3,5)
3.600000 4.288073 G:(b3,5)
4.288073 4.936054 F:(3,5)
4.936054 6.248073 C:(3,5,b7)
6.248073 8.936054 F:(3,5)
8.936054 10.236009 A#:(3,5)
10.236009 11.588027 Ab:(3,5,7)
11.588027 12.892063 A#:(3,5,b7)
12.892063 14.144036 Ab:(3,5)
14.144036 15.460045 A#:(3,5,b7)
15.460045 16.736054 Ab:(3,5)
16.736054 18.740045 A#:(3,5)
18.740045 19.392018 A#:(3,5,b7)
19.392018 22.048073 D#:(3,5)
22.048073 22.688073 D:(3,5)
22.688073 23.336054 G:(b3,5)
23.336054 27.944036 F:(3,5)
27.944036 29.276009 A#:(3,5)
29.276009 30.600000 Ab:(3,5,7)
30.600000 31.944036 A#:(3,5,b7)
31.944036 33.192018 Ab:(3,5)
33.192018 34.476009 A#:(3,5,b7)
34.476009 35.740045 Ab:(3,5)
35.740045 38.716009 A#:(3,5)
38.716009 41.116009 D:(b3,5)
41.116009 43.860045 G:(b3,5)
43.860045 47.568073 F:(3,5)
47.568073 48.580045 A:(b3,5)
48.580045 53.980045 C:(3,5,b7)
53.980045 54.668027 A:(3,5,b7)
54.668027 57.408073 D:(b3,5)
57.408073 60.076009 G:(b3,5)
60.076009 61.464036 D:(b3,5,b7)
61.464036 64.152018 G:(3,5,b7)
64.152018 65.492063 D:(b3,5,b7)
65.492063 68.176054 G:(3,5,b7)
68.176054 70.528073 C:(3,5,b7)
70.528073 73.576054 Bb:(3,5,7)
73.576054 76.284082 D:(b3,5)
76.284082 78.968073 G:(b3,5)
78.968073 83.104036 D#:(3,5)
83.104036 83.756009 D:(3,5)
83.756009 84.448073 G:(b3,5)
84.448073 85.108027 F:(3,5)
85.108027 86.452063 C:(3,5,b7)
86.452063 89.140045 F:(3,5)
89.140045 90.488073 A#:(3,5)
90.488073 91.832018 Ab:(3,5,7)
91.832018 92.488073 A#:(3,5,b7)
92.488073 93.164082 A#:(3,5)
93.164082 94.480000 Ab:(3,5,7)
94.480000 95.808073 A#:(3,5,b7)
95.808073 97.132063 Ab:(3,5)
97.132063 99.204082 A#:(3,5)
99.204082 99.864036 A#:(3,5,b7)
99.864036 102.604082 D:(b3,5)
102.604082 105.340045 G:(b3,5)
105.340045 110.872018 F:(3,5)
110.872018 115.652063 C:(3,5,b7)
115.652063 116.336054 A:(3,#5)
116.336054 119.100045 D:(b3,5)
119.100045 121.788027 G:(b3,5)
121.788027 125.900045 D#:(3,5)
125.900045 126.528073 D:(3,5)
126.528073 127.220045 G:(b3,5)
127.220045 128.232018 F:(3,5)
128.232018 129.260045 C:(3,5,b7)
129.260045 131.952018 F:(3,5)
131.952018 133.264036 A#:(3,5)
133.264036 134.648073 Ab:(3,5,7)
134.648073 135.948027 A#:(3,5,b7)
135.948027 137.208073 Ab:(3,5)
137.208073 138.564082 A#:(3,5,b7)
138.564082 139.860045 Ab:(3,5)
139.860045 140.540045 A#:(3,5)
140.540045 142.544036 A#:(3,5,b7)
142.544036 148.700590 D#:(3,5)
