0.000000 0.376054 N
0.376054 4.996009 G:(3,5)
4.996009 9.128073 N
9.128073 9.636009 G:(3,5)
9.636009 11.992018 D:(3,5)
11.992018 14.836009 A:(3,5)
14.836009 16.232018 G:(3,5)
16.232018 17.660045 D:(3,5)
17.660045 26.532063 A:(3,5)
26.532063 29.420045 F#:(b3,5)
29.420045 30.716009 B:(b3,5)
30.716009 34.232018 G:(3,5,b7)
34.232018 35.532063 B:(b3,5)
35.532063 36.904036 G:(3,5)
36.904036 40.468027 E:(3,5)
40.468027 46.780045 A:(3,5)
46.780045 49.904036 F#:(b3,5)
49.904036 51.388027 B:(b3,5)
51.388027 54.044082 G:(3,5,b7)
54.044082 55.888073 B:(3,5)
55.888073 57.276009 G:(3,5,b7)
57.276009 60.676009 E:(3,5,b7)
60.676009 62.228027 G:(3,5)
62.228027 63.760000 D:(3,5)
63.760000 66.668027 A:(3,5)
66.668027 68.128073 G:(3,5)
68.128073 69.596009 D:(3,5)
69.596009 74.660045 A:(3,5)
74.660045 76.044082 N
76.044082 82.304036 A:(3,5)
82.304036 85.344036 F#:(b3,5)
85.344036 87.132063 B:(b3,5)
87.132063 90.300045 G:(3,5,b7)
90.300045 91.788027 B:(b3,5)
91.788027 93.280000 G:(3,5)
93.280000 96.488073 E:(3,5)
96.488073 102.600000 A:(3,5)
102.600000 105.912018 F#:(b3,5)
105.912018 107.440000 B:(b3,5)
107.440000 110.052063 G:(3,5,b7)
110.052063 112.164082 B:(b3,5)
112.164082 113.248073 G:(3,5,b7)
113.248073 116.236009 E:(3,5,b7)
116.236009 118.300045 G:(3,5)
118.300045 119.748027 D:(3,5)
119.748027 122.700045 A:(3,5)
122.700045 124.180045 G:(3,5)
124.180045 125.632018 D:(3,5)
125.632018 126.524082 A:(3,5)
126.524082 128.804082 A:(b3,5)
128.804082 129.812063 A:(3,5)
129.812063 132.144036 N
132.144036 138.224036 A:(3,5)
138.224036 141.308027 F#:(b3,5)
141.308027 142.852063 B:(b3,5)
142.852063 145.932063 G:(3,5,b7)
145.932063 147.424036 B:(b3,5)
147.424036 148.808073 G:(3,5)
148.808073 151.740045 E:(3,5)
151.740045 158.128073 A:(3,5)
158.128073 161.116009 F#:(b3,5)
161.116009 162.652063 B:(b3,5)
162.652063 165.696054 G:(3,5,b7)
165.696054 167.436009 B:(b3,5)
167.436009 169.012063 G:(3,5)
169.012063 172.048073 E:(3,5)
172.048073 177.844082 A:(3,5)
177.844082 181.604082 F#:(b3,5)
181.604082 183.180045 B:(b3,5)
183.180045 185.800091 G:(3,5,b7)
185.800091 187.920000 B:(b3,5)
187.920000 189.312018 G:(3,5,b7)
189.312018 192.584036 E:(3,5,b7)
192.584036 194.120000 G:(3,5)
194.120000 195.680000 D:(3,5)
195.680000 198.644082 A:(3,5)
198.644082 200.136054 G:(3,5)
200.136054 201.620045 D:(3,5)
201.620045 207.048073 A:(3,5)
207.048073 209.420045 G:(3,5)
209.420045 210.832018 D:(3,5)
210.832018 213.736054 A:(3,5)
213.736054 215.180045 G:(3,5)
215.180045 216.620045 D:(3,5)
216.620045 228.604082 A:(3,5)
228.604082 234.800181 N
