0.000000 0.420045 N
0.420045 3.344036 D:(3,5)
3.344036 6.008073 E:(3,5)
6.008073 7.148027 B:(3,5)
7.148027 8.996009 A:(3,5)
8.996009 10.280000 G:(3,5)
10.280000 10.992018 E:(3,5)
10.992018 13.100045 B:(b3,5)
13.100045 13.980045 A:(3,5)
13.980045 14.708027 D:(3,5)
14.708027 17.236009 G:(3,5)
17.236009 18.896054 E:(b3,5)
18.896054 20.208073 A:(3,5,b7)
20.208073 23.158005 E:(b3,5)
23.158005 24.622041 B:(b3,5)
24.622041 25.324082 A:(3,5)
25.324082 26.020045 D:(3,5)
26.020045 27.272018 G:(3,5)
27.272018 30.244082 B:(b3,5)
30.244082 30.956009 A:(3,5)
30.956009 31.644082 D:(3,5)
31.644082 34.312018 G:(3,5)
34.312018 35.728073 E:(b3,5)
35.728073 37.124082 A:(3,5)
37.124082 40.060045 E:(3,5)
40.060045 42.708027 D:(3,5)
42.708027 45.640000 E:(3,5)
45.640000 48.046077 D:(3,5)
48.046077 50.488073 E:(3,5)
50.488073 54.236009 B:(b3,5)
54.236009 56.826032 A:(b3,5)
56.826032 59.528073 C:(3,5)
59.528073 62.088073 E:(b3,5)
62.088073 63.808073 B:(b3,5)
63.808073 65.064036 A:(3,5)
65.064036 66.500045 G:(3,5)
66.500045 68.060045 E:(b3,5)
68.060045 69.472018 B:(b3,5)
69.472018 70.152018 A:(3,5)
70.152018 70.924082 D:(3,5)
70.924082 73.648073 G:(3,5)
73.648073 79.292063 E:(b3,5)
79.292063 80.452063 B:(3,5)
80.452063 81.488073 A:(3,5)
81.488073 89.192018 G:(3,5,7)
89.192018 90.296054 G:(3,5)
90.296054 96.048073 E:(b3,5)
96.048073 98.796009 D:(3,5)
98.796009 101.640000 E:(b3,5)
101.640000 104.432018 D:(3,5)
104.432018 106.838005 E:(b3,5)
106.838005 110.016054 B:(b3,5)
110.016054 112.788027 A:(b3,5)
112.788027 115.608073 C:(3,5)
115.608073 118.028027 E:(3,5)
118.028027 119.816054 B:(b3,5)
119.816054 120.492063 A:(3,5)
120.492063 122.468027 G:(3,5)
122.468027 124.052063 E:(b3,5)
124.052063 125.428027 B:(b3,5)
125.428027 126.132063 A:(3,5)
126.132063 126.944036 D:(3,5)
126.944036 128.624036 G:(3,5)
128.624036 131.084082 E:(b3,5)
131.084082 132.420045 A:(3,5)
132.420045 133.788027 E:(b3,5)
133.788027 135.220045 A:(3,5)
135.220045 136.544036 E:(3,5)
136.544036 137.972063 A:(3,5)
137.972063 139.304036 E:(b3,5)
139.304036 143.312018 A:(3,5)
143.312018 144.322086 E:(3,5)
144.322086 149.350748 N
