0.000000 0.348027 N
0.348027 1.944036 B:(3,5)
1.944036 3.464036 D#:(b3,5)
3.464036 6.484082 Ab:(b3,5)
6.484082 8.008073 E:(3,5)
8.008073 9.500045 A:(3,5)
9.500045 13.928073 B:(3,5)
13.928073 14.328073 A#:(3,5,b7)
14.328073 15.444082 D#:(b3,5)
15.444082 18.800000 Ab:(b3,5)
18.800000 19.904036 E:(3,5)
19.904036 21.376054 A:(3,5)
21.376054 24.312018 B:(3,5)
24.312018 25.744036 C#:(b3,5)
25.744036 27.156009 Ab:(3,5,b7)
27.156009 31.472018 C#:(b3,5)
31.472018 32.880000 Ab:(3,5,b7)
32.880000 37.196009 C#:(b3,5)
37.196009 38.756009 F#:(3,5)
38.756009 40.288073 B:(3,5)
40.288073 40.636009 A#:(3,5,b7)
40.636009 41.796009 D#:(b3,5)
41.796009 43.216054 Ab:(b3,5)
43.216054 44.660045 F#:(3,5)
44.660045 46.252063 E:(3,5)
46.252063 47.748027 A:(3,5)
47.748027 52.168073 B:(3,5)
52.168073 53.296054 D#:(b3,5)
53.296054 55.120000 Ab:(b3,5)
55.120000 56.600000 F#:(3,5)
56.600000 58.460045 E:(3,5)
58.460045 59.584036 A:(3,5)
59.584036 62.536054 B:(3,5)
62.536054 63.940045 C#:(b3,5)
63.940045 65.372063 Ab:(3,5,b7)
65.372063 69.456054 C#:(b3,5)
69.456054 71.028027 Ab:(3,5,b7)
71.028027 75.332063 C#:(b3,5)
75.332063 76.824036 F#:(3,5)
76.824036 78.604082 B:(3,5)
78.604082 79.852063 D#:(b3,5)
79.852063 83.196009 Ab:(b3,5)
83.196009 84.316009 E:(3,5)
84.316009 85.804082 A:(3,5)
85.804082 90.220045 B:(3,5)
90.220045 91.712018 B:(3,5,7)
91.712018 95.000000 Ab:(b3,5)
95.000000 96.108027 E:(3,5)
96.108027 97.560000 A:(3,5)
97.560000 100.452063 B:(3,5)
100.452063 101.912018 C#:(b3,5)
101.912018 103.316009 Ab:(3,5,b7)
103.316009 107.624036 C#:(b3,5)
107.624036 109.024036 Ab:(3,5,b7)
109.024036 113.272018 C#:(b3,5)
113.272018 116.284082 F#:(3,5)
116.284082 121.719002 N
