0.000000 0.024036 N
0.024036 1.616054 E:(3,5)
1.616054 3.248073 D:(3,5)
3.248073 4.300045 C#:(3,5)
4.300045 5.516009 B:(3,5)
5.516009 8.900045 A:(3,5)
8.900045 11.856054 D:(3,5)
11.856054 12.984036 A:(3,5)
12.984036 14.116009 F#:(b3,5)
14.116009 14.836009 A:(3,5)
14.836009 17.724082 D:(3,5)
17.724082 19.220045 A:(3,5)
19.220045 20.704036 F#:(b3,5)
20.704036 26.612063 D:(3,5)
26.612063 29.164082 A:(3,5)
29.164082 31.044082 D:(3,5)
31.044082 32.148027 D:(b3,5)
32.148027 33.276009 A:(3,5)
33.276009 34.728073 C#:(b3,5)
34.728073 35.476009 A:(3,5)
35.476009 36.940045 D:(b3,5)
36.940045 38.396009 B:(b3,5)
38.396009 41.020045 G:(3,5,b7)
41.020045 43.936054 C:(3,5,7)
43.936054 47.292063 G:(3,5,b7)
47.292063 48.396009 C:(3,5,7)
48.396009 51.520000 A:(3,5)
51.520000 54.524082 D:(3,5)
54.524082 56.004082 A:(3,5)
56.004082 57.496054 F#:(b3,5,b7)
57.496054 60.488073 D:(3,5)
60.488073 61.972063 A:(3,5)
61.972063 63.444082 F#:(b3,5)
63.444082 69.460045 D:(3,5)
69.460045 72.524082 A:(3,5)
72.524082 75.508027 D:(3,5)
75.508027 76.648073 A:(3,5)
76.648073 78.488073 F#:(b3,5)
78.488073 81.432018 D:(3,5)
81.432018 82.224036 A:(3,5)
82.224036 84.244082 F#:(b3,5,b7)
84.244082 90.352018 D:(3,5)
90.352018 93.312018 A:(3,5)
93.312018 96.344036 D:(b3,5)
96.344036 97.464036 A:(3,5)
97.464036 98.588027 C#:(b3,5)
98.588027 99.312018 A:(3,5)
99.312018 102.284082 D:(b3,5)
102.284082 102.628027 G:(b3,b5)
102.628027 104.936054 G:(3,5,b7)
104.936054 107.156009 C:(3,5)
107.156009 108.244082 C:(3,5,7)
108.244082 111.996009 G:(3,5,b7)
111.996009 112.356009 G:(b3,b5)
112.356009 117.725170 A:(3,5)
