0.000000 0.160000 N
0.160000 0.952018 B:(3,5)
0.952018 13.488073 E:(3,5)
13.488073 14.272018 E:(3,5,7)
14.272018 18.768073 F#:(b3,5,b7)
18.768073 25.564082 E:(3,5)
25.564082 25.976054 Ab:(b3,5)
25.976054 26.304036 A:(3,5)
26.304036 27.144036 B:(3,5)
27.144036 32.740045 F#:(b3,5,b7)
32.740045 33.504036 E:(3,5,7)
33.504036 38.700045 E:(3,5)
38.700045 39.120000 Ab:(b3,5,b7)
39.120000 44.232018 F#:(b3,5,b7)
44.232018 51.800000 E:(3,5)
51.800000 52.172063 B:(3,5)
52.172063 58.532063 G:(3,5,b7)
58.532063 62.096054 C:(3,5)
62.096054 65.244082 C:(3,5,7)
65.244082 68.380045 G:(3,5,b7)
68.380045 71.492063 A:(3,5)
71.492063 74.788027 C:(3,5)
74.788027 77.956009 C:(3,5,7)
77.956009 81.152018 G:(3,5,b7)
81.152018 84.356009 A:(3,5,b7)
84.356009 87.512018 F:(3,5)
87.512018 90.712018 D:(3,5)
90.712018 93.928073 F:(3,5)
93.928073 97.136054 D:(3,5,b7)
97.136054 100.380045 C:(3,5)
100.380045 103.176054 E:(b3,5)
103.176054 103.556009 C:(3,5)
103.556009 106.732063 C:(3,5,b7)
106.732063 109.540045 F:(3,5)
109.540045 109.904036 G:(3,5)
109.904036 112.580045 A:(3,5)
112.580045 115.632018 F#:(b3,5,b7)
115.632018 116.316009 E:(3,5,7)
116.316009 122.712018 E:(3,5)
122.712018 128.436009 F#:(b3,5,b7)
128.436009 129.044082 B:(3,5)
129.044082 135.348027 E:(3,5)
135.348027 140.672018 F#:(b3,5,b7)
140.672018 146.084082 E:(3,5)
146.084082 146.285714 N
