0.000000 0.820045 D:(3,5)
0.820045 2.384036 C:(3,5)
2.384036 3.124082 D:(3,5)
3.124082 5.428027 G:(3,5)
5.428027 6.988027 Gb:(3,5,7)
6.988027 8.868027 F:(3,5)
8.868027 11.536054 G:(3,5)
11.536054 13.076009 F#:(3,5)
13.076009 16.224036 B:(b3,5)
16.224036 17.800000 C:(3,5)
17.800000 19.312018 D:(3,5)
19.312018 20.924082 G:(3,5)
20.924082 22.488073 Gb:(3,5,7)
22.488073 24.108027 C:(3,5)
24.108027 25.656054 D:(3,5)
25.656054 27.256054 G:(3,5)
27.256054 28.812063 F#:(3,5)
28.812063 30.444082 F:(3,5)
30.444082 31.992018 D:(3,5,b7)
31.992018 33.616054 G:(3,5)
33.616054 35.216054 Gb:(3,5,7)
35.216054 38.372063 B:(b3,5)
38.372063 39.972063 C:(3,5)
39.972063 40.764082 D:(3,5)
40.764082 43.168073 G:(3,5)
43.168073 44.728073 Gb:(3,5,7)
44.728073 46.320000 C:(3,5)
46.320000 47.856054 D:(3,5)
47.856054 49.452063 G:(3,5)
49.452063 51.044082 Gb:(3,5,7)
51.044082 52.628027 F:(3,5)
52.628027 54.188027 D:(3,5,b7)
54.188027 55.784036 G:(3,5)
55.784036 57.380045 A:(b3,5)
57.380045 58.968073 B:(b3,5)
58.968073 60.508027 C:(3,5)
60.508027 62.092063 G:(3,5)
62.092063 63.660045 A:(b3,5)
63.660045 65.228027 B:(b3,5)
65.228027 66.800000 C:(3,5)
66.800000 68.372063 A:(3,5,b7)
68.372063 69.920000 Ab:(3,5,b7)
69.920000 71.496054 G:(3,5)
71.496054 73.048073 F#:(3,5,b7)
73.048073 76.212063 B:(b3,5)
76.212063 77.800000 C:(3,5)
77.800000 78.600000 D:(3,5)
78.600000 81.016054 G:(3,5)
81.016054 82.592018 F#:(3,5)
82.592018 84.176054 C:(3,5)
84.176054 85.732063 D:(3,5,b7)
85.732063 87.352018 G:(3,5)
87.352018 88.952018 F#:(3,5)
88.952018 90.560000 F:(3,5)
90.560000 92.176054 D:(3,5,b7)
92.176054 93.756009 G:(3,5)
93.756009 95.360000 F#:(3,5)
95.360000 98.552018 B:(b3,5)
98.552018 100.148027 C:(3,5)
100.148027 100.932063 D:(3,5)
100.932063 103.332063 G:(3,5)
103.332063 104.972063 F#:(3,5)
104.972063 106.544036 C:(3,5)
106.544036 108.116009 D:(3,5)
108.116009 109.708027 G:(3,5)
109.708027 111.320000 F#:(3,5)
111.320000 112.960000 F:(3,5)
112.960000 114.568073 D:(3,5,b7)
114.568073 116.148027 G:(3,5)
116.148027 117.728073 A:(b3,5)
117.728073 119.360000 B:(b3,5)
119.360000 120.956009 C:(3,5)
120.956009 122.588027 G:(3,5)
122.588027 124.160000 A:(b3,5)
124.160000 125.728073 B:(b3,5)
125.728073 127.308027 C:(3,5,b7)
127.308027 128.892063 A:(3,5,b7)
128.892063 130.476009 Ab:(3,5,b7)
130.476009 132.028027 G:(3,5)
132.028027 133.628027 F#:(3,5)
133.628027 136.896054 B:(b3,5)
136.896054 138.424036 C:(3,5)
138.424036 139.248073 D:(3,5)
139.248073 141.612063 G:(3,5)
141.612063 143.200000 F#:(3,5)
143.200000 144.844082 C:(3,5)
144.844082 146.452063 D:(3,5,b7)
146.452063 148.068027 G:(3,5)
148.068027 149.712018 F#:(3,5)
149.712018 151.372063 F:(3,5)
151.372063 152.996009 D:(3,5,b7)
152.996009 154.644082 G:(3,5)
154.644082 156.276009 F#:(3,5)
156.276009 159.496054 B:(b3,5)
159.496054 161.128073 C:(3,5)
161.128073 161.536054 D:(3,5)
161.536054 164.384036 G:(3,5)
164.384036 165.976054 F#:(3,5)
165.976054 167.632018 C:(3,5)
167.632018 169.200000 D:(3,5)
169.200000 170.836009 G:(3,5)
170.836009 172.500045 F#:(3,5)
172.500045 174.100045 F:(3,5)
174.100045 175.700045 D:(3,5,b7)
175.700045 177.280000 G:(3,5)
177.280000 178.888073 F#:(3,5)
178.888073 181.984036 B:(b3,5)
181.984036 183.616054 C:(3,5)
183.616054 185.180045 D:(3,5)
185.180045 186.728073 G:(3,5)
186.728073 187.960000 Bb:(3,#5)
187.960000 188.332063 Gb:(3,5,7)
188.332063 189.908027 F:(3,5,7)
189.908027 191.464036 E:(b3,5,b7)
191.464036 193.048073 G:(3,5,b7)
193.048073 195.326259 N
