0.000000 1.772063 N
1.772063 7.308027 A:(3,5,b7)
7.308027 8.568073 N
8.568073 11.996009 D:(3,5)
11.996009 15.020045 A:(3,5,b7)
15.020045 15.396009 D:(3,5)
15.396009 17.572063 E:(3,5)
17.572063 18.780045 N
18.780045 29.140045 A:(3,5,b7)
29.140045 32.580045 D:(3,5)
32.580045 35.636009 A:(3,5)
35.636009 38.176054 E:(3,5)
38.176054 41.628027 A:(3,5)
41.628027 54.116009 N
54.116009 56.644082 D#:(3,5,b7)
56.644082 70.292063 E:(3,5)
70.292063 72.068027 C:(3,5)
72.068027 73.824036 G:(3,5,b7)
73.824036 75.500045 C:(3,5)
75.500045 77.304036 G:(3,5)
77.304036 79.032018 C:(3,5)
79.032018 80.328073 G:(3,5,b7)
80.328073 82.536054 C:(3,5)
82.536054 84.272018 G:(3,5)
84.272018 87.764082 E:(3,5)
87.764082 94.680091 A:(3,5)
94.680091 98.616054 D:(3,5)
98.616054 102.048073 A:(3,5)
102.048073 105.496054 E:(3,5)
105.496054 109.384036 A:(3,5)
109.384036 113.660045 A:(3,5,b7)
113.660045 114.544036 C:(3,5)
114.544036 115.424036 G:(3,5)
115.424036 117.108027 C:(3,5)
117.108027 119.276009 G:(3,5,b7)
119.276009 121.004082 C:(3,5)
121.004082 122.736054 G:(3,5)
122.736054 124.492063 C:(3,5)
124.492063 126.248073 G:(3,5)
126.248073 127.988027 C:(3,5)
127.988027 129.220045 G:(3,5)
129.220045 132.656054 E:(3,5)
132.656054 139.584036 A:(3,5)
139.584036 143.496054 D:(3,5)
143.496054 146.500045 A:(3,5)
146.500045 149.952018 E:(3,5)
149.952018 162.156009 A:(3,5)
162.156009 162.911202 N
