0.000000 0.992018 N
0.992018 6.476009 D:(3,5)
6.476009 7.156009 G:(3,5)
7.156009 8.608073 G:(3,5,b7)
8.608073 12.084082 D:(b3,5)
12.084082 12.768073 G:(3,5)
12.768073 13.840000 D:(3,5)
13.840000 14.928073 E:(b3,5)
14.928073 17.116009 D:(3,5)
17.116009 26.328073 D:(b3,5)
26.328073 29.276009 D:(3,5)
29.276009 30.748027 D:(b3,5)
30.748027 34.892063 D:(3,5)
34.892063 36.756009 D:(3,5,b7)
36.756009 37.860045 G:(3,5,b7)
37.860045 49.108027 D:(b3,5)
49.108027 50.248073 A:(3,5,b7)
50.248073 55.872018 D:(3,5)
55.872018 57.788027 D:(b3,5)
57.788027 67.200000 D:(3,5)
67.200000 68.748027 E:(3,5)
68.748027 76.832018 D:(3,5)
76.832018 77.568073 D:(3,5,b7)
77.568073 80.508027 G:(3,5)
80.508027 83.220045 D:(3,5)
83.220045 84.708027 G:(3,5)
84.708027 86.136054 A:(3,5)
86.136054 95.004082 D:(3,5)
95.004082 95.736054 G:(3,5)
95.736054 100.884082 D:(b3,5)
100.884082 101.992018 G:(3,5,b7)
101.992018 103.856054 E:(3,5,b7)
103.856054 106.776054 D:(3,5)
106.776054 116.484082 D:(b3,5)
116.484082 118.024036 D:(3,5)
118.024036 119.868027 D:(b3,5)
119.868027 121.768073 E:(3,5,b7)
121.768073 136.500045 D:(3,5)
136.500045 137.272018 G:(3,5,b7)
137.272018 139.956009 E:(3,5,b7)
139.956009 141.840000 D:(3,5)
141.840000 142.920000 D:(b3,5)
142.920000 148.120000 D:(3,5)
148.120000 151.780045 D:(b3,5)
151.780045 154.776054 D:(3,5)
154.776054 157.020045 A:(3,5)
157.020045 163.040000 D:(3,5)
163.040000 167.601633 N
