0.000000 0.532063 N
0.532063 3.526077 F:(3,5,b7)
3.526077 4.892063 A#:(3,5)
4.892063 6.288073 F:(3,5)
6.288073 7.910023 F:(3,5,b7)
7.910023 8.748027 A#:(3,5)
8.748027 9.260045 N
9.260045 10.652063 F:(3,5)
10.652063 11.188027 N
11.188027 12.000000 F:(3,5)
12.000000 12.280000 Ab:(3,5)
12.280000 13.116009 A#:(3,5)
13.116009 13.672018 N
13.672018 15.018050 F:(3,5)
15.018050 25.096054 F:(3,5,b7)
25.096054 26.768073 A#:(3,5,b7)
26.768073 29.508027 F:(3,5)
29.508027 29.786032 Ab:(3,5)
29.786032 30.320000 A#:(3,5)
30.320000 31.100045 A#:(b3,5)
31.100045 32.208073 C#:(3,5)
32.208073 33.280000 Ab:(3,5)
33.280000 34.380045 C#:(3,5)
34.380045 34.944036 D#:(3,5)
34.944036 35.222041 Ab:(3,5)
35.222041 36.576054 C#:(3,5)
36.576054 37.426032 Ab:(3,5)
37.426032 38.566077 A#:(3,5)
38.566077 42.882086 F:(3,5,b7)
42.882086 44.272018 A#:(3,5,b7)
44.272018 45.574059 F:(3,5,b7)
45.574059 46.324082 N
46.324082 47.234014 F:(3,5)
47.234014 47.806077 A#:(3,5)
47.806077 48.640000 N
48.640000 50.268027 F:(3,5,b7)
50.268027 51.328073 F:(3,5)
51.328073 51.630023 Ab:(3,5)
51.630023 51.932063 A#:(3,5)
51.932063 53.008073 N
53.008073 53.564082 G:(3,5)
53.564082 54.072018 C:(3,5)
54.072018 55.056054 A#:(3,5)
55.056054 55.656054 G:(3,5)
55.656054 56.784036 A#:(3,5)
56.784036 57.368073 Ab:(3,5)
57.368073 58.718005 F:(3,5)
58.718005 59.556009 N
59.556009 60.112018 F:(3,5)
60.112018 61.784036 A#:(3,5,b7)
61.784036 63.128073 F:(3,5,b7)
63.128073 66.016054 E#:(b3,5,b7)
66.016054 69.212063 F:(b3,5)
69.212063 70.344036 A#:(b3,5)
70.344036 73.752018 F:(b3,5)
73.752018 74.036009 A#:(3,5)
74.036009 75.932063 C#:(3,5)
75.932063 77.020045 Ab:(3,5)
77.020045 78.124082 C#:(3,5)
78.124082 81.362086 Ab:(b3,5,b7)
81.362086 83.492063 A#:(3,5,b7)
83.492063 86.574059 F:(3,5,b7)
86.574059 87.690068 A#:(3,5,b7)
87.690068 89.504036 F:(3,5)
89.504036 92.896054 N
92.896054 93.688073 F:(3,5)
93.688073 96.664036 N
96.664036 97.264036 G:(b3,5)
97.264036 97.788027 C:(3,5)
97.788027 98.884082 A#:(3,5)
98.884082 99.440000 G:(3,5)
99.440000 100.842086 A#:(3,5)
100.842086 101.374059 F:(3,5,b7)
101.374059 126.522086 N
126.522086 133.598005 Ab:(3,5,b7)
133.598005 148.624036 N
148.624036 149.176054 A#:(3,5,b7)
149.176054 151.924082 F:(3,5,b7)
151.924082 153.270023 A#:(3,5,b7)
153.270023 158.844082 F:(3,5,b7)
158.844082 159.678005 A#:(3,5,b7)
159.678005 160.896054 F:(b3,5)
160.896054 162.252063 A#:(3,5,b7)
162.252063 165.278005 F:(b3,5)
165.278005 165.848073 A#:(b3,5)
165.848073 167.466032 C#:(3,5)
167.466032 170.728073 Ab:(3,5,b7)
170.728073 172.892063 Ab:(b3,5,b7)
172.892063 174.182041 A#:(3,5)
174.182041 174.702041 C:(b3,5)
174.702041 175.472018 Ab:(3,5)
175.472018 178.378050 F:(3,5,b7)
178.378050 179.788027 A#:(3,5,b7)
179.788027 181.320000 F:(3,5,b7)
181.320000 181.836009 A#:(3,5,b7)
181.836009 182.476009 F:(3,5,b7)
182.476009 184.112018 A#:(3,5,b7)
184.112018 187.132063 F:(3,5,b7)
187.132063 188.508027 A#:(3,5,b7)
188.508027 189.076009 G:(3,5,b7)
189.076009 189.600000 C:(3,5)
189.600000 190.700045 A#:(3,5)
190.700045 190.978050 G:(3,5)
190.978050 192.376054 N
192.376054 192.928073 Ab:(3,5)
192.928073 195.900045 F:(b3,5)
195.900045 197.136054 A#:(b3,5)
197.136054 200.532063 F:(b3,5)
200.532063 201.628027 Ab:(3,5)
201.628027 202.452063 C#:(3,5)
202.452063 206.302041 Ab:(3,5,b7)
206.302041 208.204082 Ab:(b3,5,b7)
208.204082 209.136054 A#:(3,5)
209.136054 210.538050 C:(b3,5)
210.538050 216.874376 N
