0.000000 1.240000 N
1.240000 3.136054 F:(3,5)
3.136054 4.124082 D#:(3,5)
4.124082 5.088073 G:(3,5)
5.088073 8.416054 C:(3,5)
8.416054 12.492063 C:(3,5,7)
12.492063 15.988027 C:(3,5,b7)
15.988027 19.808073 F:(3,5)
19.808073 23.536054 D:(3,5,b7)
23.536054 24.448073 G:(3,5)
24.448073 25.364082 A:(b3,5)
25.364082 27.144036 G:(3,5)
27.144036 32.616054 A:(b3,5)
32.616054 34.404082 D:(3,5,b7)
34.404082 36.240000 F:(3,5)
36.240000 37.224036 D#:(3,5)
37.224036 38.160000 G:(3,5)
38.160000 41.496054 C:(3,5)
41.496054 45.540045 C:(3,5,7)
45.540045 49.184036 C:(3,5,b7)
49.184036 51.912018 F:(3,5)
51.912018 52.760000 F:(3,5,7)
52.760000 56.536054 D:(3,5,b7)
56.536054 60.060045 G:(3,5)
60.060045 61.852063 A:(b3,5)
61.852063 64.080000 Ab:(3,#5)
64.080000 65.416054 A:(b3,5,b7)
65.416054 67.236009 D:(3,5,b7)
67.236009 69.052063 F:(3,5)
69.052063 70.028027 D#:(3,5)
70.028027 70.944036 D:(3,5)
70.944036 75.336054 A:(3,5)
75.336054 77.440000 C#:(b3,5)
77.440000 81.428027 F#:(b3,5,b7)
81.428027 83.208073 D:(3,5)
83.208073 85.056054 G:(3,5)
85.056054 85.952018 A:(3,5)
85.952018 86.836009 G:(3,5)
86.836009 87.384036 F#:(b3,5)
87.384036 87.848073 F#:(b3,5,7)
87.848073 88.288073 E:(3,5)
88.288073 89.792018 A:(3,5)
89.792018 91.632018 C#:(b3,5)
91.632018 93.560000 F#:(b3,5)
93.560000 94.864036 A:(3,5)
94.864036 96.672018 D:(3,5)
96.672018 97.756009 G:(3,5)
97.756009 99.476009 C:(3,5,7)
99.476009 101.372063 A:(b3,5,b7)
101.372063 101.828027 D:(3,5,b7)
101.828027 105.468027 C:(3,5)
105.468027 109.048073 C:(3,5,7)
109.048073 112.620045 C:(3,5,b7)
112.620045 115.256054 F:(3,5)
115.256054 116.100045 C:(3,5)
116.100045 119.720000 D:(3,5,b7)
119.720000 123.272018 G:(3,5,b7)
123.272018 125.092063 A:(b3,5)
125.092063 126.844082 Ab:(3,#5)
126.844082 128.836009 A:(b3,5,b7)
128.836009 130.316009 D:(3,5,b7)
130.316009 132.136054 F:(3,5)
132.136054 133.036009 D#:(3,5)
133.036009 133.944036 D:(3,5)
133.944036 137.120000 C:(3,5)
137.120000 141.220045 C:(3,5,7)
141.220045 144.836009 C:(3,5,b7)
144.836009 148.392018 F:(3,5)
148.392018 151.800091 D:(3,5,b7)
151.800091 155.600000 G:(3,5)
155.600000 157.388027 A:(b3,5)
157.388027 159.160000 Ab:(3,#5)
159.160000 160.980045 A:(b3,5,b7)
160.980045 162.792018 D:(3,5,b7)
162.792018 164.572063 F:(3,5)
164.572063 165.440000 D#:(3,5)
165.440000 166.292063 D:(3,5)
166.292063 169.904036 A:(3,5)
169.904036 171.712018 F:(3,5)
171.712018 172.672018 D#:(3,5)
172.672018 173.672018 G:(3,5)
173.672018 178.720000 C:(3,5)
178.720000 182.973243 N
