0.000000 0.328073 N
0.328073 11.692063 C:(3,5)
11.692063 13.764082 C:(3,5,7)
13.764082 19.124082 C:(3,5)
19.124082 22.188027 C:(b3,5,b7)
22.188027 23.380045 C:(3,5,b7)
23.380045 26.880000 C:(3,5)
26.880000 28.540045 C:(3,5,7)
28.540045 33.980045 C:(3,5)
33.980045 41.272018 C:(3,5,b7)
41.272018 46.044082 C:(3,5)
46.044082 55.488073 C:(3,5,b7)
55.488073 63.464036 C:(3,5)
63.464036 72.868027 C:(3,5,b7)
72.868027 74.280000 C:(3,5)
74.280000 75.912018 C:(b3,5)
75.912018 78.940045 C:(3,5)
78.940045 81.220045 C:(b3,5)
81.220045 83.968073 C:(b3,5,b7)
83.968073 94.012063 C:(3,5)
94.012063 95.216054 C:(3,5,b7)
95.216054 97.580045 C:(3,5)
97.580045 99.268027 C:(3,5,b7)
99.268027 107.176054 C:(3,5)
107.176054 115.256054 C:(3,5,b7)
115.256054 125.060045 C:(3,5)
125.060045 131.048073 C:(3,5,b7)
131.048073 139.728073 C:(3,5)
139.728073 159.812063 C:(3,5,b7)
159.812063 163.652063 C:(3,5)
163.652063 177.261134 C:(3,5,b7)
