0.000000 0.344036 N
0.344036 2.316009 G:(3,5)
2.316009 4.112018 E:(3,5)
4.112018 5.988027 G:(3,5)
5.988027 7.868027 E:(3,5)
7.868027 9.732063 D:(3,5)
9.732063 11.600000 G:(3,5)
11.600000 13.492063 D:(3,5)
13.492063 15.168073 G:(3,5)
15.168073 17.260045 E:(b3,5)
17.260045 19.164082 G:(3,5)
19.164082 21.056054 E:(3,5)
21.056054 26.712018 D:(3,5)
26.712018 28.632018 A:(b3,5)
28.632018 30.300045 B:(b3,5)
30.300045 32.408073 G:(3,5)
32.408073 34.340045 E:(b3,5)
34.340045 38.164082 A:(b3,5)
38.164082 39.776054 B:(b3,5)
39.776054 40.760000 D:(3,5,b7)
40.760000 41.956009 D:(3,5)
41.956009 44.320000 E:(3,5)
44.320000 45.960000 N
45.960000 47.416054 D:(3,5,b7)
47.416054 48.636009 G:(3,5)
48.636009 50.516009 G:(3,5,7)
50.516009 51.180045 G:(3,5)
51.180045 53.356009 E:(3,5)
53.356009 54.548027 D:(3,5,b7)
54.548027 57.236009 A:(b3,5)
57.236009 59.156009 B:(b3,5)
59.156009 60.828027 D:(3,5,b7)
60.828027 63.640000 E:(b3,5)
63.640000 64.848073 C#:(b3,b5)
64.848073 66.760000 G:(3,5)
66.760000 68.440000 E:(3,5)
68.440000 70.396009 G:(3,5)
70.396009 72.612063 E:(3,5)
72.612063 74.500045 D:(3,5)
74.500045 76.412063 G:(3,5)
76.412063 78.364082 D:(3,5)
78.364082 80.100045 G:(3,5)
80.100045 82.232018 E:(b3,5)
82.232018 83.932063 G:(3,5)
83.932063 86.164082 E:(3,5)
86.164082 88.808073 D:(3,5)
88.808073 90.000000 A:(b3,5)
90.000000 91.932063 D:(3,5)
91.932063 93.912018 A:(b3,5)
93.912018 95.828027 B:(b3,5)
95.828027 97.736054 G:(3,5)
97.736054 99.716009 E:(b3,5)
99.716009 103.356009 A:(b3,5)
103.356009 105.296054 B:(b3,5)
105.296054 106.260045 D:(3,5,b7)
106.260045 107.460045 D:(3,5)
107.460045 108.680000 E:(3,5)
108.680000 109.896054 E:(b3,5)
109.896054 110.332063 Gb:(3,5,7)
110.332063 111.040000 G:(b3,5)
111.040000 112.984036 G:(3,5)
112.984036 115.156009 E:(3,5)
115.156009 117.140045 G:(3,5,7)
117.140045 119.016054 E:(b3,5)
119.016054 120.692063 G:(3,5,7)
120.692063 122.600000 E:(b3,5)
122.600000 124.404082 G:(3,5,7)
124.404082 128.313469 N
