0.000000 0.348027 N
0.348027 1.972063 C:(3,5)
1.972063 3.072018 F:(3,5)
3.072018 4.940045 D:(b3,5)
4.940045 6.664036 G:(3,5)
6.664036 8.244082 C:(3,5)
8.244082 8.960091 F:(3,5)
8.960091 9.324082 F#:(b3,b5)
9.324082 9.696054 F#:(b3,5,7)
9.696054 11.092063 G:(3,5,b7)
11.092063 11.908027 C:(3,5)
11.908027 12.988027 F:(3,5)
12.988027 16.468027 C:(3,5)
16.468027 18.084082 B:(3,5,b7)
18.084082 18.828027 E:(b3,5,7)
18.828027 19.200000 E:(3,#5,7)
19.200000 19.564082 E:(3,5)
19.564082 21.036009 A:(3,5,b7)
21.036009 21.776054 D:(b3,5)
21.776054 22.548027 C:(3,5)
22.548027 23.344036 F:(3,5)
23.344036 24.076009 F#:(b3,b5)
24.076009 26.724082 G:(3,5)
26.724082 28.528073 C:(3,5)
28.528073 30.036009 B:(3,5,b7)
30.036009 31.564082 E:(b3,5)
31.564082 33.048073 A:(3,5,b7)
33.048073 34.568073 D:(b3,5)
34.568073 36.076009 F:(3,5)
36.076009 37.612063 G:(3,5,b7)
37.612063 40.568073 C:(3,5)
40.568073 42.096054 F:(3,5)
42.096054 43.960000 D:(b3,5)
43.960000 45.120000 G:(3,5)
45.120000 46.616054 A:(3,5,b7)
46.616054 48.152018 D:(b3,5)
48.152018 49.648073 G:(3,5,b7)
49.648073 52.532063 C:(3,5)
52.532063 54.040000 F:(3,5)
54.040000 55.616054 D:(b3,5)
55.616054 57.148027 G:(3,5,b7)
57.148027 58.540045 C:(3,5)
58.540045 60.444082 F:(3,5)
60.444082 61.608073 G:(3,5,b7)
61.608073 65.692063 C:(3,5)
65.692063 67.496054 B:(3,5,b7)
67.496054 69.092063 E:(b3,5)
69.092063 70.584036 A:(3,5,b7)
70.584036 71.288073 D:(b3,5)
71.288073 72.012063 C:(3,5)
72.012063 72.772063 F:(3,5)
72.772063 73.636009 F#:(b3,b5)
73.636009 76.640000 G:(3,5)
76.640000 78.000000 C:(3,5)
78.000000 79.488073 B:(3,5,b7)
79.488073 81.068027 E:(b3,5)
81.068027 82.600000 A:(3,5,b7)
82.600000 84.080000 D:(b3,5)
84.080000 85.936054 F:(3,5)
85.936054 87.148027 G:(3,5)
87.148027 90.080000 C:(3,5)
90.080000 91.556009 F:(3,5)
91.556009 93.056054 D:(b3,5)
93.056054 94.528073 G:(3,5)
94.528073 96.080000 A:(3,5,b7)
96.080000 97.600000 D:(b3,5)
97.600000 99.112018 G:(3,5,b7)
99.112018 102.288073 C:(3,5)
102.288073 103.768073 F:(3,5)
103.768073 105.260045 D:(b3,5)
105.260045 107.028027 G:(3,5)
107.028027 108.612063 C:(3,5)
108.612063 109.352018 F:(3,5)
109.352018 110.104036 F#:(b3,b5)
110.104036 111.668027 G:(3,5)
111.668027 112.780045 C:(3,5)
112.780045 114.040000 F:(3,5)
114.040000 115.468027 D#:(3,5)
115.468027 116.536054 C:(3,5)
116.536054 119.808073 C:(3,5,7)
119.808073 122.276281 N
