0.000000 0.344036 N
0.344036 19.504036 A:(3,5)
19.504036 21.440000 B:(b3,5)
21.440000 23.392018 E:(3,5)
23.392018 25.100045 F#:(3,5,b7)
25.100045 25.304036 E:(3,5)
25.304036 25.764082 D:(3,5)
25.764082 27.200000 D:(3,5,7)
27.200000 28.632018 F#:(3,5,b7)
28.632018 30.036009 E:(b3,5,b7)
30.036009 30.968073 C#:(3,5,b7)
30.968073 32.712018 F#:(3,5,b7)
32.712018 34.808073 E:(3,5)
34.808073 50.044082 A:(3,5)
50.044082 52.168073 B:(b3,5)
52.168073 54.148027 E:(3,5)
54.148027 55.892063 F#:(3,5,b7)
55.892063 57.944036 D:(3,5)
57.944036 59.628027 F#:(3,5,b7)
59.628027 59.848073 E:(3,5,b7)
59.848073 60.976054 D:(3,5,b7)
60.976054 61.824036 C#:(3,5,b7)
61.824036 63.316009 F#:(b3,5)
63.316009 65.752018 E:(3,5)
65.752018 69.668027 A:(3,5)
69.668027 72.812063 D:(3,5,b7)
72.812063 75.476009 D:(3,5,7)
75.476009 77.192018 E:(3,5,b7)
77.192018 79.336054 D:(3,5)
79.336054 81.028027 D:(3,5,b7)
81.028027 83.212063 D:(3,5,7)
83.212063 87.064036 E:(3,5)
87.064036 98.896054 A:(3,5)
98.896054 100.856054 B:(b3,5)
100.856054 102.872018 E:(3,5)
102.872018 104.336054 F#:(b3,5)
104.336054 105.116009 E:(3,5)
105.116009 106.840000 D:(3,5)
106.840000 108.532063 F#:(3,5,b7)
108.532063 110.576054 N
110.576054 112.756009 F#:(b3,5)
112.756009 114.748027 E:(3,5)
114.748027 118.628027 A:(3,5)
118.628027 124.480000 D:(3,5)
124.480000 125.440000 E:(3,5)
125.440000 126.188027 E:(3,5,b7)
126.188027 130.504036 D:(3,5,b7)
130.504036 131.916009 D:(3,5,7)
131.916009 136.084082 E:(3,5)
136.084082 147.936054 A:(3,5)
147.936054 149.904036 B:(b3,5)
149.904036 151.888073 E:(3,5)
151.888073 152.608073 F#:(b3,5)
152.608073 153.584036 C#:(b3,5,b7)
153.584036 154.300045 D:(3,5)
154.300045 155.804082 D:(3,5,7)
155.804082 157.508027 F#:(3,5,b7)
157.508027 158.492063 E:(b3,5,b7)
158.492063 159.224036 E:(3,#5,b7)
159.224036 161.424036 F#:(3,5,b7)
161.424036 163.644082 E:(3,5)
163.644082 166.324082 A:(3,5)
166.324082 187.756009 A:(3,5,b7)
187.756009 192.493424 N
