0.000000 0.212063 N
0.212063 5.460045 G:(3,5,7)
5.460045 6.540045 G:(3,5)
6.540045 7.978050 C:(3,5)
7.978050 9.052063 E:(b3,5,b7)
9.052063 12.372063 A:(b3,5)
12.372063 13.838005 C:(3,5)
13.838005 14.566077 D:(3,5)
14.566077 16.388027 G:(3,5)
16.388027 17.868027 C:(3,5)
17.868027 20.844082 G:(3,5)
20.844082 24.156009 D:(3,5)
24.156009 26.416054 A:(b3,5)
26.416054 27.172063 G:(3,5)
27.172063 30.120000 C:(3,5)
30.120000 31.584036 A:(b3,5)
31.584036 32.324082 C:(3,5)
32.324082 33.076009 G:(3,5)
33.076009 36.056054 D:(3,5)
36.056054 37.516009 C:(3,5)
37.516009 38.660045 D:(3,5)
38.660045 40.118005 G:(3,5)
40.118005 41.616054 C:(3,5)
41.616054 43.440000 G:(3,5,7)
43.440000 44.570068 C:(3,5)
44.570068 47.896054 G:(3,5)
47.896054 49.364082 D:(3,5)
49.364082 50.860045 A:(3,5)
50.860045 52.368073 G:(3,5)
52.368073 55.260045 D:(3,5)
55.260045 56.724082 E:(3,5)
56.724082 59.008073 A:(3,5)
59.008073 59.768073 G:(3,5)
59.768073 61.248073 D:(3,5)
61.248073 62.724082 A:(3,5)
62.724082 64.216054 D:(3,5)
64.216054 64.876009 G:(3,5)
64.876009 65.632018 G:(b3,5)
65.632018 67.168073 D:(3,5)
67.168073 67.936054 C:(3,5)
67.936054 68.688073 G:(3,5)
68.688073 71.632018 D:(3,5)
71.632018 73.116009 G:(3,5)
73.116009 73.824036 F#:(b3,5)
73.824036 74.600000 B:(b3,5)
74.600000 76.084082 E:(b3,5,b7)
76.084082 77.572063 G:(3,5)
77.572063 79.052063 C:(3,5)
79.052063 80.544036 B:(b3,5)
80.544036 83.464036 A:(b3,5)
83.464036 84.904036 C:(3,5)
84.904036 86.356009 D:(3,5)
86.356009 87.484082 G:(3,5)
87.484082 89.316009 C:(3,5)
89.316009 91.162086 G:(3,5)
91.162086 91.520000 C:(3,5)
91.520000 91.884082 G:(3,5)
91.884082 95.112018 D:(3,5)
95.112018 97.308027 A:(b3,5)
97.308027 98.060045 G:(3,5)
98.060045 100.640000 C:(3,5)
100.640000 102.472018 A:(b3,5)
102.472018 103.196009 C:(3,5)
103.196009 103.924082 G:(3,5)
103.924082 106.856054 D:(3,5)
106.856054 108.348027 C:(3,5)
108.348027 109.824036 D:(3,5)
109.824036 110.910023 G:(3,5)
110.910023 112.338050 C:(3,5)
112.338050 114.176054 G:(3,5)
114.176054 115.268027 C:(3,5)
115.268027 118.420045 G:(3,5)
118.420045 120.024036 D:(3,5)
120.024036 121.504036 A:(3,5)
121.504036 123.004082 G:(3,5)
123.004082 125.940045 D:(3,5)
125.940045 127.420045 E:(3,5)
127.420045 129.264036 A:(3,5)
129.264036 130.376054 G:(3,5)
130.376054 131.800091 D:(3,5)
131.800091 133.264036 A:(3,5)
133.264036 134.744036 D:(3,5,b7)
134.744036 135.496054 G:(3,5)
135.496054 136.240000 A#:(3,5)
136.240000 137.724082 D:(3,5)
137.724082 138.476009 C:(3,5)
138.476009 139.220045 G:(3,5)
139.220045 145.096054 A:(b3,5)
145.096054 146.568073 G:(3,5)
146.568073 148.044082 G:(3,5,7)
148.044082 149.544036 E:(b3,5)
149.544036 151.032018 G:(3,5)
151.032018 152.528073 C:(3,5)
152.528073 153.880000 C:(3,5,7)
153.880000 156.544036 A:(b3,5)
156.544036 156.896054 G:(3,5)
156.896054 158.352018 C:(3,5)
158.352018 159.848073 D:(3,5)
159.848073 161.008073 G:(3,5)
161.008073 162.398005 C:(3,5)
162.398005 165.322086 G:(3,5)
165.322086 168.588027 D:(3,5)
168.588027 170.064036 C:(3,5)
170.064036 171.532063 D:(3,5,b7)
171.532063 172.642086 G:(3,5)
172.642086 174.188027 C:(3,5)
174.188027 175.910023 G:(3,5,7)
175.910023 177.016054 C:(3,5)
177.016054 180.264036 G:(3,5)
180.264036 181.780045 D:(3,5)
181.780045 183.276009 A:(3,5)
183.276009 184.728073 G:(3,5)
184.728073 187.684082 D:(3,5)
187.684082 189.216054 E:(3,5)
189.216054 191.360000 A:(3,5)
191.360000 192.088073 G:(3,5)
192.088073 193.612063 D:(3,5)
193.612063 195.072018 A:(3,5)
195.072018 196.624036 D:(3,5,b7)
196.624036 197.304036 G:(3,5)
197.304036 198.024036 G:(b3,5)
198.024036 199.340045 D:(3,5)
199.340045 200.224036 C:(3,5)
200.224036 200.976054 G:(3,5)
200.976054 201.940045 D:(3,5)
201.940045 203.792018 G:(3,5)
203.792018 205.244082 D:(3,5)
205.244082 206.724082 A:(3,5)
206.724082 208.192018 D:(3,5)
208.192018 208.920000 G:(3,5)
208.920000 209.684082 G:(b3,5)
209.684082 211.232018 D:(3,5)
211.232018 212.120000 C:(3,5)
212.120000 213.032018 G:(3,5)
213.032018 216.668027 D:(3,5)
216.668027 218.156009 G:(3,5,7)
218.156009 220.344036 G:(3,5)
220.344036 228.577234 D:(3,5)
