0.000000 1.416054 N
1.416054 4.720000 C:(3,5)
4.720000 6.072018 G:(b3,5,b7)
6.072018 11.032018 N
11.032018 14.420045 C:(3,5)
14.420045 16.248073 G:(3,5,b7)
16.248073 20.784036 G:(3,5)
20.784036 22.460045 C:(3,5)
22.460045 26.580045 C:(3,5,7)
26.580045 30.348027 G:(3,5)
30.348027 31.956009 G:(3,5,b7)
31.956009 33.204082 G:(3,5)
33.204082 35.132063 C:(3,5)
35.132063 35.688073 G:(3,5)
35.688073 36.152018 A:(b3,5)
36.152018 36.540045 B:(b3,5)
36.540045 39.824036 C:(3,5)
39.824036 40.756009 G:(3,5)
40.756009 46.048073 G:(3,5,b7)
46.048073 47.996009 C:(3,5)
47.996009 50.188027 C:(3,5,7)
50.188027 51.796009 C:(3,5)
51.796009 52.628027 C:(3,5,7)
52.628027 54.136054 G:(3,5)
54.136054 55.332063 G:(3,5,b7)
55.332063 57.656054 G:(3,5)
57.656054 58.880000 G:(3,5,b7)
58.880000 65.560000 C:(3,5,7)
65.560000 70.140045 G:(3,5,b7)
70.140045 71.672018 G:(3,5)
71.672018 77.396009 C:(3,5)
77.396009 82.868027 G:(3,5,b7)
82.868027 84.184036 G:(3,5)
84.184036 85.936054 C:(3,5)
85.936054 90.448073 C:(3,5,7)
90.448073 92.200000 G:(3,5,b7)
92.200000 96.616054 G:(3,5)
96.616054 102.748027 C:(3,5,7)
102.748027 105.632018 G:(3,5)
105.632018 108.956009 G:(b3,5)
108.956009 115.392018 C:(3,5)
115.392018 121.360000 G:(3,5)
121.360000 122.864036 C:(3,5)
122.864036 124.528073 C:(3,5,7)
124.528073 127.680000 C:(3,5)
127.680000 129.048073 F:(3,5)
129.048073 130.484082 D:(3,5)
130.484082 133.440000 G:(3,5)
133.440000 135.676009 C:(3,5)
135.676009 139.148027 C:(3,5,7)
139.148027 139.956009 C:(3,5)
139.956009 145.108027 G:(3,5,b7)
145.108027 146.364082 G:(3,5)
146.364082 147.984036 C:(3,5)
147.984036 149.604082 G:(3,5)
149.604082 152.588027 C:(3,5)
152.588027 157.572063 G:(3,5,b7)
157.572063 158.816054 G:(3,5)
158.816054 162.812063 C:(3,5)
162.812063 164.908118 N
