0.000000 0.388027 N
0.388027 2.558005 A:(3,5)
2.558005 4.662041 E:(3,5)
4.662041 6.784036 A:(3,5)
6.784036 9.292063 E:(3,5)
9.292063 10.784036 A:(3,5)
10.784036 11.924082 E:(3,5)
11.924082 12.852063 F#:(b3,5)
12.852063 14.308027 A:(3,5)
14.308027 15.754014 D:(3,5)
15.754014 16.624036 D:(b3,5)
16.624036 20.088073 A:(3,5)
20.088073 21.208073 E:(3,5)
21.208073 22.440000 F#:(b3,5)
22.440000 23.564082 A:(3,5)
23.564082 25.048073 D:(3,5)
25.048073 25.912018 D:(b3,5)
25.912018 28.216054 A:(3,5)
28.216054 30.584036 F#:(b3,5)
30.584036 32.896054 D:(3,5)
32.896054 35.192018 G:(3,5)
35.192018 37.500045 A:(3,5)
37.500045 39.794014 F#:(b3,5)
39.794014 42.124082 B:(3,5)
42.124082 43.860045 D:(3,5)
43.860045 44.404082 D:(b3,5)
44.404082 48.500045 A:(3,5)
48.500045 51.104036 E:(3,5,b7)
51.104036 52.560000 A:(3,5)
52.560000 53.740045 E:(3,5)
53.740045 54.616054 F#:(b3,5)
54.616054 56.076009 A:(3,5)
56.076009 57.582041 D:(3,5)
57.582041 58.480000 D:(b3,5)
58.480000 61.924082 A:(3,5)
61.924082 62.520000 E:(3,5,b7)
62.520000 63.128073 A:(3,5,7)
63.128073 64.010068 F#:(b3,5)
64.010068 65.488073 A:(3,5)
65.488073 67.006077 D:(3,5)
67.006077 67.864036 D:(b3,5)
67.864036 70.196009 A:(3,5)
70.196009 72.532063 F#:(b3,5)
72.532063 74.824036 D:(3,5)
74.824036 77.124082 G:(3,5)
77.124082 79.424036 A:(3,5)
79.424036 80.316009 B:(3,5)
80.316009 81.760000 F#:(b3,5)
81.760000 84.116009 B:(3,5)
84.116009 86.470023 D:(b3,5)
86.470023 89.858050 A:(3,5)
89.858050 91.056054 E:(3,5)
91.056054 91.916009 F#:(b3,5)
91.916009 93.448073 A:(3,5,b7)
93.448073 94.828027 D:(3,5)
94.828027 95.696054 D:(b3,5)
95.696054 99.170068 A:(3,5)
99.170068 100.350023 E:(3,5)
100.350023 101.324082 F#:(b3,5)
101.324082 102.608073 A:(3,5,b7)
102.608073 104.072018 D:(3,5)
104.072018 104.658050 D:(b3,5)
104.658050 107.232018 A:(3,5)
107.232018 107.534059 F#:(b3,b5)
107.534059 109.576054 F#:(b3,5,b7)
109.576054 111.840000 D:(3,5)
111.840000 114.168073 G:(3,5)
114.168073 116.432018 A:(3,5)
116.432018 117.328073 F#:(3,5)
117.328073 118.772063 F#:(b3,5)
118.772063 120.794014 B:(3,5)
120.794014 122.796009 D:(3,5)
122.796009 123.360000 D:(b3,5)
123.360000 127.102041 A:(3,5)
127.102041 127.704036 D:(3,5)
127.704036 130.056054 E:(3,5)
130.056054 133.408073 D:(b3,5)
133.408073 134.416054 E:(3,5,b7)
134.416054 135.684082 A:(3,5,7)
135.684082 136.876009 A:(3,5)
136.876009 139.574059 E:(3,5,b7)
139.574059 143.724082 A:(3,5)
143.724082 147.957551 N
