0.000000 0.028027 N
0.028027 1.844082 C#:(b3,5,b7)
1.844082 4.044082 F#:(3,5)
4.044082 5.248073 A:(3,5)
5.248073 6.084082 B:(3,5)
6.084082 8.348027 C#:(b3,5,b7)
8.348027 9.596009 A:(3,5)
9.596009 10.492063 B:(3,5)
10.492063 12.296054 C#:(b3,5)
12.296054 12.844082 B:(3,5)
12.844082 14.020045 A:(3,5)
14.020045 15.264036 B:(3,5)
15.264036 23.844082 E:(3,5)
23.844082 28.268027 F#:(b3,5,b7)
28.268027 32.364082 E:(3,5)
32.364082 35.152018 B:(3,5)
35.152018 37.088073 F#:(b3,5,b7)
37.088073 38.472018 E:(3,5,7)
38.472018 54.724082 E:(3,5)
54.724082 59.144036 A:(3,5)
59.144036 63.552018 E:(3,5)
63.552018 65.500045 B:(3,5)
65.500045 67.964082 A:(3,5)
67.964082 81.200000 E:(3,5)
81.200000 85.656054 A:(3,5)
85.656054 90.024036 E:(3,5)
90.024036 92.252063 B:(3,5)
92.252063 92.544036 A:(3,5)
92.544036 93.920000 A:(3,5,7)
93.920000 94.476009 A:(3,5)
94.476009 98.620045 E:(3,5)
98.620045 101.100045 B:(3,5)
101.100045 103.308027 A:(3,5)
103.308027 105.504036 B:(3,5)
105.504036 107.716009 A:(3,5)
107.716009 109.932063 C#:(b3,5,b7)
109.932063 112.140045 F#:(3,5)
112.140045 113.240000 A:(3,5)
113.240000 114.340045 B:(3,5)
114.340045 116.004082 C#:(b3,5,b7)
116.004082 116.544036 B:(3,5)
116.544036 117.656054 A:(3,5)
117.656054 118.744036 B:(3,5)
118.744036 120.408073 C#:(b3,5)
120.408073 120.960000 B:(3,5)
120.960000 122.072018 A:(3,5)
122.072018 123.176054 B:(3,5)
123.176054 127.312018 E:(3,5)
127.312018 129.248073 E:(3,5,7)
129.248073 136.152018 E:(3,5)
136.152018 140.824036 A:(3,5)
140.824036 141.900045 E:(3,5)
141.900045 143.048073 E:(3,5,7)
143.048073 144.684082 E:(3,5)
144.684082 147.464036 B:(3,5)
147.464036 149.952018 A:(3,5,7)
149.952018 151.092063 Ab:(3,#5)
151.092063 152.404082 E:(3,5)
152.404082 154.060045 N
154.060045 162.932063 E:(3,5)
162.932063 167.300045 A:(3,5)
167.300045 171.724082 E:(3,5)
171.724082 173.932063 B:(3,5)
173.932063 176.136054 A:(3,5)
176.136054 180.552018 E:(3,5)
180.552018 182.760000 B:(3,5)
182.760000 184.952018 A:(3,5)
184.952018 197.992018 E:(3,5)
197.992018 199.648073 A:(3,5,7)
199.648073 202.676009 A:(3,5)
202.676009 207.096054 E:(3,5)
207.096054 209.288073 B:(3,5)
209.288073 211.512018 A:(3,5)
211.512018 215.916009 E:(3,5)
215.916009 218.144036 B:(3,5)
218.144036 220.340045 A:(3,5)
220.340045 253.168073 E:(3,5)
253.168073 257.088073 E:(3,5,7)
257.088073 258.716735 N
