0.000000 10.900045 N
10.900045 16.692063 E:(3,5,b7)
16.692063 18.132063 A:(3,5)
18.132063 19.824036 D:(3,5)
19.824036 21.484082 C:(3,5)
21.484082 26.548027 D:(3,5)
26.548027 28.208073 C:(3,5)
28.208073 29.904036 D:(3,5)
29.904036 31.556009 A:(3,5)
31.556009 33.228027 C:(3,5)
33.228027 35.296054 D:(3,5,b7)
35.296054 36.576054 N
36.576054 39.064036 A:(3,5)
39.064036 40.364082 E:(3,5)
40.364082 41.608073 A:(3,5)
41.608073 43.716009 D:(3,5)
43.716009 44.984036 C:(3,5)
44.984036 50.464036 D:(3,5)
50.464036 51.728073 C:(3,5)
51.728073 53.856054 D:(3,5)
53.856054 55.564082 A:(3,5)
55.564082 56.816054 C:(3,5)
56.816054 60.164082 D:(3,5)
60.164082 62.712018 G:(3,5)
62.712018 66.148027 A:(3,5)
66.148027 69.104036 D:(3,5)
69.104036 72.900045 A:(3,5)
72.900045 73.728073 D:(3,5)
73.728073 74.696054 A:(3,5)
74.696054 75.196009 C:(3,5)
75.196009 76.040091 B:(3,5,b7)
76.040091 77.720000 E:(3,5,b7)
77.720000 79.448073 D:(3,5,b7)
79.448073 81.584036 A:(3,5)
81.584036 83.264036 E:(3,5)
83.264036 84.524082 A:(3,5)
84.524082 86.220045 D:(3,5)
86.220045 87.908027 C:(3,5)
87.908027 89.580045 D:(3,5)
89.580045 91.284082 A:(3,5)
91.284082 92.968073 D:(3,5)
92.968073 94.648073 C:(3,5)
94.648073 96.328073 D:(3,5,b7)
96.328073 98.396009 A:(3,5)
98.396009 99.688073 C:(3,5)
99.688073 103.036009 D:(3,5,b7)
103.036009 106.584036 A:(3,5)
106.584036 109.984036 D:(3,5)
109.984036 113.372063 A:(3,5)
113.372063 114.212063 D:(3,5)
114.212063 115.076009 A:(3,5)
115.076009 115.916009 C:(3,5)
115.916009 116.776054 B:(3,5,b7)
116.776054 118.488073 E:(3,5,b7)
118.488073 120.176054 D:(3,5,b7)
120.176054 125.092063 A:(3,5,b7)
125.092063 130.212063 D:(3,5,b7)
130.212063 131.852063 A:(b3,5,b7)
131.852063 133.540045 D:(3,5)
133.540045 135.260045 C:(3,5)
135.260045 137.344036 D:(3,5)
137.344036 139.096054 A:(3,5)
139.096054 140.412063 C:(3,5)
140.412063 143.756009 D:(3,5,b7)
143.756009 159.320000 A:(3,5)
159.320000 163.282721 N
