0.000000 2.072018 N
2.072018 5.456054 C:(3,5,b7)
5.456054 16.850068 C:(3,5)
16.850068 22.458050 F:(3,5)
22.458050 27.974059 G:(3,5)
27.974059 32.280000 F:(3,5)
32.280000 43.416054 C:(3,5)
43.416054 49.000000 F:(3,5)
49.000000 54.600000 G:(3,5)
54.600000 58.850068 F:(3,5)
58.850068 69.132063 C:(3,5)
69.132063 69.840000 C:(b3,5)
69.840000 75.196009 F:(3,5)
75.196009 80.884082 C:(3,5)
80.884082 87.266032 G:(3,5)
87.266032 92.900045 F:(3,5)
92.900045 104.238005 C:(3,5)
104.238005 109.862041 F:(3,5)
109.862041 115.420045 G:(3,5)
115.420045 119.678005 F:(3,5)
119.678005 130.932063 C:(3,5)
130.932063 136.520000 F:(3,5)
136.520000 142.080091 C:(3,5)
142.080091 147.832018 G:(3,5)
147.832018 153.492063 F:(3,5)
153.492063 158.444082 C:(3,5)
158.444082 163.272018 G:(3,5,b7)
163.272018 164.636009 N
164.636009 172.340045 C:(3,5)
172.340045 173.408073 C:(b3,5)
173.408073 175.996009 C:(3,5)
175.996009 181.728073 F:(3,5)
181.728073 188.176054 C:(3,5)
188.176054 194.600000 G:(3,5)
194.600000 199.560000 F:(3,5)
199.560000 206.012063 C:(3,5)
206.012063 208.896054 F:(3,5)
208.896054 211.808073 G:(3,5)
211.808073 217.736054 C:(3,5)
217.736054 221.044082 C:(3,5,7)
221.044082 222.100045 C:(3,5)
222.100045 230.388390 N
