0.000000 1.644082 N
1.644082 3.340045 B:(b3,5)
3.340045 4.980045 D:(3,5)
4.980045 8.308027 A:(3,5)
8.308027 10.004082 B:(b3,5)
10.004082 10.856054 G:(3,5)
10.856054 11.672018 A:(3,5)
11.672018 16.736054 D:(3,5)
16.736054 18.360000 F#:(b3,5)
18.360000 20.060045 B:(3,5)
20.060045 21.740045 G:(b3,5)
21.740045 22.608073 D:(3,5)
22.608073 25.112018 A:(3,5)
25.112018 26.780045 D:(3,5)
26.780045 28.436009 F#:(b3,5)
28.436009 30.116009 B:(3,5)
30.116009 31.820045 G:(b3,5)
31.820045 32.660045 D:(3,5)
32.660045 34.768073 A:(3,5)
34.768073 37.680000 D:(3,5)
37.680000 40.268027 B:(b3,5)
40.268027 41.936054 D:(3,5)
41.936054 45.300045 A:(3,5)
45.300045 47.016054 B:(b3,5)
47.016054 47.876009 G:(3,5)
47.876009 48.736054 A:(3,5)
48.736054 53.844082 D:(3,5)
53.844082 55.532063 F#:(b3,5)
55.532063 57.216054 B:(3,5)
57.216054 58.920000 G:(b3,5)
58.920000 59.780045 D:(3,5)
59.780045 62.280000 A:(3,5)
62.280000 64.060045 D:(3,5)
64.060045 65.692063 F#:(b3,5)
65.692063 67.368073 B:(3,5)
67.368073 69.112018 G:(b3,5)
69.112018 69.972063 D:(3,5)
69.972063 72.532063 A:(3,5)
72.532063 75.060045 D:(3,5)
75.060045 77.584036 B:(b3,5)
77.584036 79.312018 D:(3,5)
79.312018 82.728073 A:(3,5)
82.728073 84.392018 B:(b3,5)
84.392018 85.280000 G:(3,5)
85.280000 86.120000 A:(3,5)
86.120000 89.552018 D:(3,5)
89.552018 96.128073 A:(3,5,b7)
96.128073 97.776054 G:(3,5)
97.776054 98.172063 C:(3,5)
98.172063 99.788027 A:(3,5)
99.788027 101.500045 G:(3,5,7)
101.500045 102.768073 A:(3,5)
102.768073 105.392018 D:(3,5)
105.392018 106.188027 F#:(b3,5)
106.188027 108.336054 B:(b3,5)
108.336054 110.080000 D:(3,5)
110.080000 113.564082 A:(3,5)
113.564082 115.188027 B:(b3,5)
115.188027 116.072018 G:(3,5)
116.072018 116.964082 A:(3,5)
116.964082 120.228027 D:(3,5)
120.228027 122.084082 G:(3,5)
122.084082 123.820045 A:(3,5)
123.820045 129.200000 D:(3,5)
129.200000 133.375420 N
