0.000000 0.344036 N
0.344036 6.164082 A:(3,5)
6.164082 7.628027 E:(3,5)
7.628027 10.044082 A:(3,5)
10.044082 11.532063 D:(3,5)
11.532063 12.524082 B:(b3,5)
12.524082 17.868027 A:(3,5)
17.868027 19.340045 E:(3,5)
19.340045 21.256054 A:(3,5)
21.256054 23.240000 D:(3,5)
23.240000 24.228027 B:(b3,5)
24.228027 29.088073 A:(3,5)
29.088073 33.416054 G:(3,5)
33.416054 36.764082 A:(3,5)
36.764082 41.092063 G:(3,5)
41.092063 44.956009 A:(3,5)
44.956009 46.420045 E:(3,5)
46.420045 48.416054 A:(3,5)
48.416054 50.380045 D:(3,5)
50.380045 51.724082 B:(b3,5)
51.724082 56.820045 A:(3,5)
56.820045 58.308027 E:(3,5)
58.308027 60.796009 A:(3,5)
60.796009 62.276009 D:(3,5)
62.276009 63.280000 B:(b3,5)
63.280000 68.152018 A:(3,5)
68.152018 72.528073 G:(3,5)
72.528073 75.912018 A:(3,5)
75.912018 80.244082 G:(3,5)
80.244082 84.100045 A:(3,5)
84.100045 85.528073 E:(3,5)
85.528073 87.028027 A:(3,5)
87.028027 89.328073 D:(3,5)
89.328073 90.308027 B:(b3,5)
90.308027 95.632018 A:(3,5)
95.632018 99.032018 G:(3,5)
99.032018 102.868027 A:(3,5)
102.868027 106.684082 G:(3,5)
106.684082 111.028027 A:(3,5)
111.028027 112.500045 E:(3,5,b7)
112.500045 114.496054 A:(3,5)
114.496054 116.488073 E:(3,5,b7)
116.488073 118.468027 A:(3,5)
118.468027 118.964082 D:(3,5)
118.964082 120.116009 E:(3,5)
120.116009 124.551837 N
