0.000000 0.344036 N
0.344036 2.112018 B:(b3,5)
2.112018 2.852063 A:(3,5)
2.852063 3.968073 D:(3,5)
3.968073 5.964082 G#:(b3,b5,b7)
5.964082 8.336054 E:(3,5,b7)
8.336054 21.536054 D:(3,5)
21.536054 24.080000 G:(3,5,7)
24.080000 25.472018 D:(3,5)
25.472018 26.912018 G:(3,5,7)
26.912018 28.352018 D:(3,5,7)
28.352018 29.792018 G#:(b3,b5,b7)
29.792018 31.220045 E:(3,5,b7)
31.220045 36.244082 A:(3,5)
36.244082 38.376054 D:(3,5)
38.376054 39.268027 D:(b3,5)
39.268027 41.124082 G:(3,5)
41.124082 43.956009 D:(3,5)
43.956009 45.028027 D:(b3,5)
45.028027 46.744036 G:(3,5,7)
46.744036 49.956009 D:(3,5)
49.956009 52.452063 G:(3,5)
52.452063 56.684082 G:(3,5,7)
56.684082 58.080000 G#:(b3,b5,b7)
58.080000 59.472018 E:(3,5)
59.472018 64.784036 A:(3,5)
64.784036 66.620045 D:(3,5)
66.620045 68.012063 D:(b3,5)
68.012063 69.404082 G:(3,5)
69.404082 73.628027 D:(3,5)
73.628027 75.072018 G:(3,5,7)
75.072018 79.296054 D:(3,5)
79.296054 80.696054 G:(3,5,7)
80.696054 82.132063 D:(3,5)
82.132063 83.620045 D:(3,5,7)
83.620045 84.872018 D:(3,5,b7)
84.872018 87.752018 G:(3,5,7)
87.752018 89.088073 G:(b3,5)
89.088073 93.788027 D:(3,5)
93.788027 96.288073 G:(3,5)
96.288073 100.572063 G:(3,5,7)
100.572063 102.000000 G#:(b3,b5,b7)
102.000000 103.408073 E:(3,5)
103.408073 104.228027 A:(3,5)
104.228027 107.636009 D:(3,5,7)
107.636009 108.868027 A:(3,5,b7)
108.868027 110.412063 D:(3,5)
110.412063 111.848073 D:(b3,5)
111.848073 113.228027 G:(3,5)
113.228027 117.468027 D:(3,5)
117.468027 118.908027 G:(3,5,7)
118.908027 125.968073 D:(3,5)
125.968073 127.360000 D:(3,5,7)
127.360000 130.152018 D:(3,5,b7)
130.152018 131.560000 G:(3,5)
131.560000 132.996009 G:(b3,5)
132.996009 137.556009 D:(3,5)
137.556009 140.084082 G:(3,5)
140.084082 142.880000 G:(3,5,7)
142.880000 144.320000 D:(3,5,7)
144.320000 145.748027 G#:(b3,b5,b7)
145.748027 147.140045 E:(3,5)
147.140045 152.096054 A:(3,5)
152.096054 154.208073 D:(3,5)
154.208073 155.600000 D:(b3,5)
155.600000 156.992018 G:(3,5)
156.992018 159.876009 D:(3,5)
159.876009 161.292063 D:(b3,5)
161.292063 162.728073 G:(3,5,b7)
162.728073 168.019592 D:(3,5,b7)
