0.000000 0.344036 N
0.344036 2.136054 C#:(b3,5)
2.136054 2.772063 F#:(b3,5)
2.772063 3.864036 Ab:(3,5)
3.864036 5.632018 C#:(b3,5)
5.632018 6.264036 F#:(b3,5)
6.264036 7.364082 Ab:(3,5)
7.364082 9.176054 C#:(b3,5)
9.176054 9.848073 F#:(b3,5)
9.848073 11.024036 Ab:(3,5)
11.024036 11.692063 F#:(b3,5)
11.692063 12.556009 B:(3,5)
12.556009 13.452063 E:(3,5)
13.452063 14.372063 B:(3,5)
14.372063 15.472018 E:(3,5)
15.472018 16.164082 Ab:(b3,5)
16.164082 18.180045 B:(3,5)
18.180045 19.056054 E:(3,5)
19.056054 19.720000 Ab:(b3,5)
19.720000 21.740045 B:(3,5)
21.740045 22.660045 A:(3,5)
22.660045 25.372063 C#:(b3,5,b7)
25.372063 26.280000 A:(3,5)
26.280000 27.188027 B:(3,5)
27.188027 28.084082 E:(3,5)
28.084082 28.788027 B:(3,5)
28.788027 29.908027 E:(3,5)
29.908027 30.828027 Ab:(b3,5)
30.828027 31.508027 F#:(b3,5)
31.508027 32.428027 B:(3,5)
32.428027 33.548027 E:(3,5)
33.548027 34.240000 Ab:(b3,5)
34.240000 36.296054 B:(3,5)
36.296054 37.192018 A:(3,5)
37.192018 39.920000 C#:(b3,5,b7)
39.920000 40.804082 A:(3,5)
40.804082 41.752018 B:(3,5)
41.752018 43.588027 E:(3,5)
43.588027 45.440000 C#:(b3,5)
45.440000 46.068027 F#:(3,5)
46.068027 47.196009 Ab:(3,5)
47.196009 49.008073 C#:(b3,5)
49.008073 49.688073 F#:(b3,5)
49.688073 50.784036 Ab:(3,5)
50.784036 53.268027 C#:(b3,5)
53.268027 54.404082 Ab:(3,5)
54.404082 55.128073 F#:(b3,5)
55.128073 56.432018 E:(3,5,7)
56.432018 57.156009 E:(3,5)
57.156009 58.072018 B:(3,5,b7)
58.072018 58.940045 E:(3,5)
58.940045 59.860045 Ab:(b3,5)
59.860045 60.744036 F#:(b3,5)
60.744036 61.664036 B:(3,5)
61.664036 62.572063 E:(3,5)
62.572063 63.500045 Ab:(b3,5)
63.500045 64.144036 F#:(b3,5)
64.144036 65.288073 B:(3,5)
65.288073 66.196009 A:(3,5)
66.196009 68.940045 C#:(b3,5,b7)
68.940045 69.828027 A:(3,5)
69.828027 70.744036 B:(3,5)
70.744036 72.544036 E:(3,5,7)
72.544036 75.036009 C#:(b3,5)
75.036009 76.188027 Ab:(3,5)
76.188027 77.988027 C#:(b3,5)
77.988027 78.668027 F#:(b3,5)
78.668027 79.808073 Ab:(3,5)
79.808073 82.340045 C#:(b3,5)
82.340045 83.240000 Ab:(3,5)
83.240000 84.180045 C#:(b3,5)
84.180045 85.080000 B:(3,5)
85.080000 86.204082 E:(3,5)
86.204082 87.132063 B:(3,5,b7)
87.132063 88.032018 E:(3,5)
88.032018 88.964082 Ab:(b3,5)
88.964082 89.608073 F#:(b3,5)
89.608073 90.544036 B:(3,5)
90.544036 91.672018 E:(3,5)
91.672018 92.600000 Ab:(b3,5)
92.600000 93.260045 F#:(b3,5)
93.260045 94.416054 B:(3,5)
94.416054 95.328073 A:(3,5)
95.328073 98.100045 C#:(b3,5,b7)
98.100045 98.992018 A:(3,5)
98.992018 99.680000 B:(3,5)
99.680000 101.732063 C#:(b3,5)
101.732063 102.448073 F#:(b3,5)
102.448073 103.576054 Ab:(3,5)
103.576054 104.472018 A:(3,5)
104.472018 104.744036 B:(3,5)
104.744036 105.192018 B:(3,#5)
105.192018 107.248073 C#:(b3,5)
107.248073 107.936054 F#:(b3,5)
107.936054 109.068027 Ab:(3,5)
109.068027 109.788027 A:(3,5,7)
109.788027 111.172063 E:(3,5,7)
111.172063 114.416054 E:(3,5)
114.416054 118.700408 N
