0.000000 0.016054 N
0.016054 10.458050 E:(3,5)
10.458050 11.650068 E:(3,5,7)
11.650068 16.382041 B:(3,5)
16.382041 20.912018 D:(3,5)
20.912018 22.430023 B:(3,5,b7)
22.430023 23.316009 F#:(3,5)
23.316009 26.028027 B:(3,5)
26.028027 27.186032 E:(3,5)
27.186032 28.398005 C:(3,5)
28.398005 30.792018 B:(3,5)
30.792018 31.972063 E:(3,5)
31.972063 33.158005 C:(3,5)
33.158005 35.528073 B:(3,5)
35.528073 39.132063 E:(3,5)
39.132063 39.708027 B:(3,5,b7)
39.708027 44.188027 E:(3,5)
44.188027 46.266032 B:(3,5)
46.266032 47.060045 F#:(3,5)
47.060045 49.818050 B:(3,5)
49.818050 53.640000 D:(3,5)
53.640000 54.192018 A:(3,5)
54.192018 59.228027 B:(3,5)
59.228027 60.114014 E:(3,5)
60.114014 61.032018 C:(3,5)
61.032018 62.832018 B:(3,5,b7)
62.832018 63.744036 E:(3,5)
63.744036 64.720000 C:(3,5)
64.720000 65.824036 B:(3,5)
65.824036 66.269751 N
