0.000000 0.416054 N
0.416054 2.632018 A#:(3,5)
2.632018 4.780045 A:(3,5)
4.780045 5.860045 D:(b3,5)
5.860045 6.976054 G:(3,5)
6.976054 7.676009 C:(3,5,7)
7.676009 9.046077 B:(3,#5)
9.046077 10.204082 A#:(3,5)
10.204082 11.226032 D:(b3,5)
11.226032 15.718005 G:(3,5)
15.718005 17.838005 C:(3,5,7)
17.838005 18.926077 A#:(3,5)
18.926077 20.078005 D:(b3,5)
20.078005 22.228027 A:(b3,5)
22.228027 24.398005 D:(b3,5)
24.398005 25.462041 A#:(3,5)
25.462041 26.502041 A:(3,5)
26.502041 28.818050 D:(b3,5)
28.818050 29.524082 G:(b3,5)
29.524082 31.218050 A:(3,5)
31.218050 32.832018 D:(b3,5)
32.832018 33.916009 G:(b3,5)
33.916009 34.964082 A:(3,5)
34.964082 36.028027 D:(b3,5)
36.028027 37.196009 G:(3,5)
37.196009 39.168073 C:(3,5,7)
39.168073 41.398005 Bb:(3,5,7)
41.398005 45.188027 G:(3,5)
45.188027 45.718005 B:(3,#5)
45.718005 46.720000 C:(b3,5)
46.720000 47.710023 B:(3,#5)
47.710023 49.792018 Bb:(3,5,7)
49.792018 52.080000 A:(b3,5)
52.080000 54.220045 D:(b3,5)
54.220045 55.294059 A#:(3,5)
55.294059 56.370068 A:(3,5)
56.370068 58.484082 D:(b3,5)
58.484082 59.520000 G:(b3,5)
59.520000 60.700045 A:(3,5)
60.700045 64.756009 D:(b3,5)
64.756009 69.726077 A:(3,5)
69.726077 70.844082 D:(b3,5)
70.844082 71.946032 A:(3,#5)
71.946032 73.032018 F:(3,5)
73.032018 74.118005 G:(3,5)
74.118005 76.302041 B:(3,5)
76.302041 77.382041 E:(b3,5)
77.382041 79.534059 C:(3,5)
79.534059 80.602086 B:(3,5)
80.602086 82.220045 E:(b3,5)
82.220045 83.644082 C:(3,5)
83.644082 84.724082 B:(3,5)
84.724082 86.976054 E:(b3,5)
86.976054 89.256054 G:(3,5)
89.256054 91.294059 C:(3,5,7)
91.294059 92.292063 A#:(3,5)
92.292063 93.370068 D:(b3,5)
93.370068 97.682086 G:(3,5)
97.682086 99.832018 C:(3,5,7)
99.832018 101.988027 Bb:(3,5,7)
101.988027 104.260045 A:(b3,5)
104.260045 106.424036 D:(b3,5)
106.424036 107.496054 A#:(3,5)
107.496054 108.590023 A:(3,5)
108.590023 109.658050 D:(b3,5)
109.658050 111.754014 G:(b3,5,b7)
111.754014 112.786032 A:(3,5)
112.786032 113.802086 D:(b3,5)
113.802086 116.992018 G:(b3,5,b7)
116.992018 118.080000 D:(b3,5)
118.080000 119.192018 A:(3,#5)
119.192018 120.280000 C:(3,5)
120.280000 121.372063 G:(3,5)
121.372063 125.682086 A:(3,5)
125.682086 126.720000 D:(b3,5)
126.720000 127.830023 A:(3,#5)
127.830023 128.968073 F:(3,5)
128.968073 134.356009 E:(b3,5,b7)
134.356009 135.438005 C:(3,5)
135.438005 138.604082 E:(b3,5,b7)
138.604082 139.768073 C:(3,5)
139.768073 144.494059 E:(b3,5)
144.494059 145.040000 E:(b3,5,7)
145.040000 147.192018 E:(b3,5,b7)
147.192018 148.332063 C:(3,5)
148.332063 152.448073 E:(b3,5)
152.448073 157.059773 E:(b3,5,7)
