0.000000 0.248073 N
0.248073 13.392018 C#:(3,5,7)
13.392018 15.588027 C#:(3,5)
15.588027 22.000000 Ab:(3,5)
22.000000 22.444082 C#:(3,5)
22.444082 28.112018 C#:(3,5,7)
28.112018 29.792018 C#:(3,5,b7)
29.792018 33.268027 F#:(3,5)
33.268027 34.104036 C#:(3,5)
34.104036 34.936054 A#:(3,5)
34.936054 35.820045 D#:(3,5)
35.820045 36.656054 Ab:(3,5)
36.656054 38.284082 C#:(3,5)
38.284082 41.768073 A#:(b3,5)
41.768073 43.440000 Ab:(3,5)
43.440000 48.512018 A#:(b3,5)
48.512018 51.988027 F:(3,5)
51.988027 55.340045 A#:(b3,5)
55.340045 58.304036 D#:(b3,5)
58.304036 58.724082 C#:(3,5)
58.724082 60.444082 F#:(3,5)
60.444082 62.116009 Ab:(3,5)
62.116009 63.828027 C#:(3,5)
63.828027 66.860045 Ab:(3,5)
66.860045 67.308027 F#:(3,5)
67.308027 71.952018 C#:(3,5)
71.952018 79.152018 Ab:(3,5)
79.152018 81.280000 C#:(3,5)
81.280000 84.308027 C#:(3,5,7)
84.308027 85.936054 C#:(3,5,b7)
85.936054 89.328073 F#:(3,5)
89.328073 90.204082 Ab:(3,5)
90.204082 91.044082 A#:(3,5)
91.044082 91.920000 D#:(3,5)
91.920000 92.760000 Ab:(3,5)
92.760000 94.480000 C#:(3,5)
94.480000 97.832018 A#:(b3,5)
97.832018 99.520000 Ab:(3,5)
99.520000 104.596009 A#:(b3,5)
104.596009 107.940045 F:(3,5)
107.940045 111.324082 A#:(b3,5)
111.324082 114.680000 D#:(b3,5)
114.680000 116.404082 F#:(3,5)
116.404082 118.072018 Ab:(3,5)
118.072018 119.792018 C#:(3,5)
119.792018 122.628027 Ab:(3,5)
122.628027 123.084082 F#:(3,5)
123.084082 128.384036 C#:(3,5)
128.384036 135.112018 Ab:(3,5,b7)
135.112018 140.884082 C#:(3,5)
140.884082 141.712018 C#:(3,5,b7)
141.712018 145.084082 F#:(3,5,b7)
145.084082 145.936054 C#:(3,5)
145.936054 146.912018 A#:(3,5)
146.912018 147.788027 D#:(3,5)
147.788027 148.620045 Ab:(3,5)
148.620045 150.736054 C#:(3,5)
150.736054 156.248073 C#:(3,5,7)
156.248073 157.076009 C#:(3,5)
157.076009 157.709932 N
