0.000000 0.952018 N
0.952018 3.224036 B:(b3,5)
3.224036 5.456054 G:(3,5)
5.456054 8.608073 E:(3,5,b7)
8.608073 11.420045 A:(3,5,b7)
11.420045 13.516009 A:(3,5)
13.516009 15.782041 C#:(b3,5)
15.782041 18.660045 F#:(b3,5)
18.660045 19.328073 D:(3,5)
19.328073 19.944036 G:(3,5)
19.944036 23.120000 A:(3,5)
23.120000 25.968073 C#:(b3,5)
25.968073 28.706032 F#:(b3,5)
28.706032 29.864036 D:(3,5)
29.864036 31.164082 A:(3,5)
31.164082 35.608073 B:(b3,5)
35.608073 36.248073 A:(3,5)
36.248073 40.648073 G:(3,5)
40.648073 41.300045 G:(3,5,7)
41.300045 46.356009 E:(3,5)
46.356009 49.056054 A:(3,5,b7)
49.056054 53.934059 A:(3,5)
53.934059 56.476009 C#:(b3,5)
56.476009 59.016054 F#:(b3,5)
59.016054 59.652063 D:(3,5)
59.652063 60.292063 G:(3,5)
60.292063 63.988027 A:(3,5)
63.988027 66.302041 C#:(b3,5)
66.302041 68.746032 F#:(b3,5)
68.746032 69.932063 D:(3,5,7)
69.932063 71.532063 A:(3,5)
71.532063 76.604082 B:(b3,5)
76.604082 81.664036 G:(3,5)
81.664036 86.748027 E:(3,5)
86.748027 89.264036 A:(3,5,b7)
89.264036 92.010068 A:(3,5)
92.010068 94.260045 A:(3,5,7)
94.260045 96.488073 C#:(b3,5)
96.488073 99.360000 F#:(b3,5)
99.360000 100.056054 D:(3,5)
100.056054 100.708027 G:(3,5)
100.708027 104.444082 A:(3,5)
104.444082 106.798005 C#:(b3,5)
106.798005 108.976054 F#:(b3,5)
108.976054 109.592018 C#:(3,5,b7)
109.592018 110.224036 D:(3,5)
110.224036 110.844082 G:(3,5)
110.844082 112.172063 A:(3,5)
112.172063 113.508027 F#:(b3,5,b7)
113.508027 117.168073 B:(b3,5)
117.168073 119.738050 G:(3,5)
119.738050 122.276009 G:(3,5,7)
122.276009 127.426032 E:(3,5,b7)
127.426032 129.780045 A:(3,5,b7)
129.780045 132.440000 F#:(b3,5)
132.440000 136.640000 A:(3,5)
136.640000 141.084444 N
