0.000000 0.300045 N
0.300045 1.412063 E:(3,5)
1.412063 2.388027 A:(3,5,b7)
2.388027 5.040000 A:(b3,5)
5.040000 6.148027 C:(b3,5)
6.148027 6.944036 C:(3,5,7)
6.944036 11.044082 G:(3,5)
11.044082 11.868027 E:(3,5)
11.868027 12.376054 A:(3,5)
12.376054 13.212063 A:(3,5,b7)
13.212063 17.300045 A:(b3,5)
17.300045 18.224036 C:(b3,5,7)
18.224036 19.480000 B:(3,#5)
19.480000 23.840000 G:(3,5)
23.840000 28.956009 A:(3,5,b7)
28.956009 38.336054 D:(3,5,b7)
38.336054 42.608073 G:(3,5)
42.608073 44.292063 D#:(3,5)
44.292063 45.588027 E:(3,5)
45.588027 47.700045 A:(3,5,b7)
47.700045 49.352018 D:(3,5,b7)
49.352018 51.096054 G:(3,5)
51.096054 51.532063 D#:(3,5)
51.532063 51.908027 D#:(b3,b5,b7)
51.908027 52.752018 D:(3,5,b7)
52.752018 56.116009 G:(3,5)
56.116009 57.772063 D#:(3,5)
57.772063 59.472018 E:(3,5)
59.472018 61.160000 A:(3,5,b7)
61.160000 62.440000 D:(3,5,b7)
62.440000 64.568073 G:(3,5)
64.568073 65.408073 F#:(3,5)
65.408073 66.208073 F:(3,5)
66.208073 67.496054 E:(b3,5)
67.496054 67.916009 E:(b3,5,b7)
67.916009 69.584036 F#:(b3,5,b7)
69.584036 72.980045 G:(3,5,b7)
72.980045 74.652063 C:(3,5)
74.652063 76.324082 E:(3,5,b7)
76.324082 77.992018 A:(b3,5)
77.992018 79.664036 D:(3,5,b7)
79.664036 83.012063 G:(3,5)
83.012063 84.680091 D#:(3,5)
84.680091 85.940045 E:(3,5)
85.940045 88.068027 A:(3,5,b7)
88.068027 89.276009 D:(3,5,b7)
89.276009 91.364082 G:(3,5)
91.364082 92.196009 D#:(3,5,b7)
92.196009 92.908027 D:(3,5,b7)
92.908027 96.136054 G:(3,5)
96.136054 97.824036 D#:(3,5)
97.824036 99.536054 E:(3,5,b7)
99.536054 101.252063 A:(3,5,b7)
101.252063 102.904036 D:(3,5,b7)
102.904036 104.512018 G:(3,5)
104.512018 105.312018 D#:(3,5,b7)
105.312018 106.228027 D:(3,5,b7)
106.228027 109.352018 G:(3,5)
109.352018 110.188027 D#:(3,5)
110.188027 111.060045 D#:(3,5,b7)
111.060045 112.736054 E:(3,5,b7)
112.736054 114.400000 A:(3,5,b7)
114.400000 116.032018 D:(3,5,b7)
116.032018 117.692063 G:(3,5)
117.692063 118.528073 F#:(3,5)
118.528073 119.368073 F:(3,5)
119.368073 121.016054 E:(b3,5)
121.016054 122.720000 C#:(b3,5,b7)
122.720000 126.056054 G:(3,5)
126.056054 127.644082 C:(3,5)
127.644082 129.296054 E:(3,5,b7)
129.296054 131.028027 A:(b3,5)
131.028027 132.644082 D:(3,5,b7)
132.644082 136.008073 G:(3,5)
136.008073 137.632018 D#:(3,5)
137.632018 138.924082 E:(3,5)
138.924082 141.008073 A:(3,5)
141.008073 142.656054 D:(3,5,b7)
142.656054 144.324082 G:(3,5)
144.324082 145.064036 D#:(3,5,b7)
145.064036 145.844082 D:(3,5,b7)
145.844082 149.280000 G:(3,5)
149.280000 150.768073 D#:(3,5,b7)
150.768073 151.980045 E:(3,5,b7)
151.980045 152.412063 E:(b3,b5,b7)
152.412063 154.064036 A:(3,5,b7)
154.064036 155.804082 D:(3,5,b7)
155.804082 157.552018 G:(3,5)
157.552018 158.140045 D#:(3,5,b7)
158.140045 159.032018 D:(3,5,b7)
159.032018 160.368073 G:(3,5,b7)
160.368073 161.332245 N
