0.000000 7.548027 N
7.548027 13.164082 D:(3,5)
13.164082 14.084082 G:(3,5)
14.084082 16.556009 D:(3,5)
16.556009 17.996009 G:(3,5)
17.996009 19.804082 D:(3,5)
19.804082 27.476009 G:(3,5,7)
27.476009 29.332063 D:(3,5)
29.332063 30.764082 G:(3,5)
30.764082 33.080000 D:(3,5)
33.080000 34.940045 G:(3,5)
34.940045 36.804082 D:(3,5)
36.804082 38.884082 G:(3,5)
38.884082 40.752018 B:(b3,5)
40.752018 44.668027 G:(3,5)
44.668027 46.116009 D:(3,5)
46.116009 47.964082 G:(3,5,7)
47.964082 49.800000 B:(b3,5,b7)
49.800000 51.620045 G:(3,5)
51.620045 53.684082 B:(b3,5)
53.684082 57.376054 E:(3,5)
57.376054 61.088073 A:(3,5)
61.088073 62.732063 D:(3,5)
62.732063 64.108027 G:(3,5)
64.108027 66.436009 D:(3,5)
66.436009 68.512018 G:(3,5)
68.512018 69.960000 B:(b3,5)
69.960000 74.112018 G:(3,5)
74.112018 75.536054 D:(3,5)
75.536054 77.840000 G:(3,5)
77.840000 79.744036 D:(3,5)
79.744036 81.584036 G:(3,5,b7)
81.584036 83.436009 D:(3,5)
83.436009 85.236009 G:(3,5,b7)
85.236009 87.100045 B:(b3,5)
87.100045 90.852063 G:(3,5,b7)
90.852063 92.684082 D:(3,5)
92.684082 94.300045 G:(3,5)
94.300045 96.132063 B:(b3,5,b7)
96.132063 98.008073 G:(3,5,7)
98.008073 100.060045 B:(b3,5,b7)
100.060045 103.308027 E:(3,5)
103.308027 107.540045 A:(3,5)
107.540045 109.056054 D:(3,5)
109.056054 110.828027 G:(3,5)
110.828027 113.232018 D:(3,5)
113.232018 115.048073 G:(3,5)
115.048073 116.440000 B:(b3,5)
116.440000 120.632018 G:(3,5)
120.632018 122.580045 D:(3,5)
122.580045 124.388027 G:(3,5)
124.388027 126.256054 D:(3,5)
126.256054 128.124082 G:(3,5)
128.124082 132.376054 D:(3,5)
132.376054 134.616054 D:(3,5,7)
134.616054 135.528073 D:(3,5)
135.528073 139.192018 A:(3,5)
139.192018 141.108027 D:(3,5)
141.108027 142.412063 G:(3,5,b7)
142.412063 144.756009 D:(3,5)
144.756009 146.092063 G:(3,5)
146.092063 148.432018 D:(3,5)
148.432018 149.344036 G:(3,5)
149.344036 154.691338 N
