0.000000 0.396009 N
0.396009 4.524082 E:(3,5,7)
4.524082 6.516009 A:(3,5,7)
6.516009 8.436009 Ab:(b3,5)
8.436009 10.672018 F#:(b3,5)
10.672018 12.432018 A:(b3,5)
12.432018 18.148027 E:(3,5)
18.148027 20.140045 B:(3,5)
20.140045 22.692063 A:(3,5)
22.692063 24.352018 E:(3,5)
24.352018 26.324082 F#:(b3,5)
26.324082 28.520000 A:(b3,5)
28.520000 32.436009 E:(3,5)
32.436009 34.408073 Ab:(b3,5)
34.408073 35.880000 A:(3,5)
35.880000 38.368073 Ab:(b3,5)
38.368073 39.816054 A:(3,5)
39.816054 42.344036 Ab:(b3,5)
42.344036 46.276009 F#:(b3,5,b7)
46.276009 48.184036 B:(3,5,b7)
48.184036 50.180045 E:(3,5)
50.180045 52.104036 B:(3,5)
52.104036 54.252063 A:(3,5)
54.252063 55.904036 E:(3,5)
55.904036 58.036009 F#:(b3,5)
58.036009 60.120000 A:(b3,5)
60.120000 65.952018 E:(3,5)
65.952018 68.000000 B:(3,5)
68.000000 69.976054 A:(3,5)
69.976054 71.960000 E:(3,5)
71.960000 73.940045 F#:(b3,5)
73.940045 75.960000 A:(b3,5)
75.960000 80.032018 E:(3,5)
80.032018 81.608073 Ab:(b3,5)
81.608073 83.584036 A:(3,5,7)
83.584036 85.712018 Ab:(b3,5)
85.712018 87.804082 A:(3,5)
87.804082 89.808073 Ab:(b3,5)
89.808073 93.784036 F#:(b3,5,b7)
93.784036 95.744036 B:(3,5,b7)
95.744036 97.180045 E:(3,5)
97.180045 99.640000 B:(3,5)
99.640000 101.624036 A:(3,5)
101.624036 103.364082 E:(3,5)
103.364082 105.404082 F#:(b3,5)
105.404082 107.356009 A:(b3,5)
107.356009 111.840000 E:(3,5)
111.840000 113.452063 Ab:(b3,5)
113.452063 114.436009 A:(3,5)
114.436009 115.428027 E:(3,5)
115.428027 117.468027 Ab:(b3,5)
117.468027 119.372063 A:(3,5)
119.372063 121.392018 Ab:(b3,5)
121.392018 125.384036 F#:(b3,5,b7)
125.384036 127.328073 B:(3,5,b7)
127.328073 128.816054 E:(3,5)
128.816054 130.788027 B:(3,5)
130.788027 133.264036 A:(3,5)
133.264036 134.764082 E:(3,5)
134.764082 137.240000 F#:(b3,5)
137.240000 139.276009 A:(b3,5)
139.276009 143.120000 E:(3,5)
143.120000 145.116009 F#:(b3,5)
145.116009 147.112018 A:(b3,5)
147.112018 151.132063 E:(3,5)
151.132063 153.036009 F#:(b3,5)
153.036009 155.056054 A:(b3,5)
155.056054 161.876009 E:(3,5)
161.876009 164.304399 N
