0.000000 0.068027 N
0.068027 0.576054 E:(3,5)
0.576054 1.464036 F#:(3,5)
1.464036 3.160000 A:(3,5)
3.160000 5.100045 Ab:(3,5)
5.100045 6.472018 D:(3,5)
6.472018 8.700045 E:(3,5,b7)
8.700045 10.480000 A:(3,5)
10.480000 12.248073 F#:(b3,5)
12.248073 13.860045 D:(3,5)
13.860045 15.804082 E:(3,5)
15.804082 19.296054 A:(3,5)
19.296054 21.044082 F#:(b3,5)
21.044082 24.512018 D:(b3,5)
24.512018 26.304036 A:(3,5)
26.304036 28.056054 Ab:(3,5)
28.056054 29.384036 D:(3,5)
29.384036 31.624036 E:(3,5,b7)
31.624036 33.176054 A:(3,5)
33.176054 35.128073 F#:(b3,5)
35.128073 36.904036 D:(3,5)
36.904036 38.624036 E:(3,5)
38.624036 40.148027 A:(3,5)
40.148027 42.004082 Ab:(3,#5)
42.004082 43.512018 F#:(b3,5)
43.512018 47.016054 D:(b3,5)
47.016054 53.684082 A:(3,5)
53.684082 60.256054 E:(3,5)
60.256054 63.820045 D:(3,5)
63.820045 68.672018 A:(3,5)
68.672018 70.136054 Ab:(3,5)
70.136054 70.556009 G:(3,5)
70.556009 72.004082 D:(3,5)
72.004082 73.948027 E:(3,5,b7)
73.948027 75.672018 A:(3,5)
75.672018 77.032018 F#:(b3,5)
77.032018 79.012063 D:(3,5)
79.012063 80.692063 E:(3,5,b7)
80.692063 82.636009 A:(3,5)
82.636009 84.068027 Ab:(3,#5)
84.068027 85.864036 F#:(b3,5)
85.864036 89.144036 D:(b3,5)
89.144036 95.692063 A:(3,5)
95.692063 102.192018 E:(3,5)
102.192018 105.548027 D:(3,5)
105.548027 107.064036 A:(3,5)
107.064036 108.552018 N
108.552018 111.860045 D:(3,5)
111.860045 113.424036 A:(3,5)
113.424036 114.936054 A:(b3,5)
114.936054 118.128073 D:(3,5)
118.128073 121.456054 A:(3,5)
121.456054 123.297959 N
