0.000000 3.036009 A#:(3,5)
3.036009 5.788027 Ab:(3,5,7)
5.788027 8.556009 D#:(3,5)
8.556009 11.570068 A#:(3,5,b7)
11.570068 13.984036 A#:(3,5)
13.984036 16.720000 Ab:(3,5)
16.720000 19.444082 D#:(3,5)
19.444082 21.838005 A#:(3,5,b7)
21.838005 23.552018 D#:(3,5)
23.552018 24.220045 C#:(3,5)
24.220045 24.956009 Ab:(3,5)
24.956009 26.296054 D#:(3,5)
26.296054 27.676009 A#:(3,5)
27.676009 29.060045 C:(b3,5)
29.060045 30.440000 F:(3,5)
30.440000 33.220045 A#:(3,5)
33.220045 34.604082 D#:(3,5)
34.604082 35.980045 Ab:(3,5)
35.980045 37.256054 C#:(3,5)
37.256054 38.720000 F#:(3,5)
38.720000 40.112018 D#:(3,5)
40.112018 41.480000 A#:(3,5,b7)
41.480000 42.852063 D#:(3,5)
42.852063 43.892063 Ab:(3,5)
43.892063 45.584036 C#:(3,5)
45.584036 46.972063 F#:(3,5)
46.972063 48.356009 D#:(3,5)
48.356009 49.728073 A#:(3,5,b7)
49.728073 50.412063 D#:(3,5)
50.412063 51.116009 C:(b3,5)
51.116009 51.792018 F:(3,5)
51.792018 52.496054 A#:(3,5)
52.496054 53.884082 D#:(3,5)
53.884082 54.592018 C#:(3,5)
54.592018 55.276009 Ab:(3,5)
55.276009 56.656054 D#:(3,5)
56.656054 57.996009 A#:(3,5)
57.996009 59.356009 C:(b3,5)
59.356009 60.724082 F:(3,5)
60.724082 62.120000 A#:(3,5)
62.120000 63.524082 A#:(3,5,b7)
63.524082 66.692063 A#:(3,5)
66.692063 68.972063 D#:(3,5)
68.972063 71.620045 A#:(3,5)
71.620045 73.084082 D#:(3,5)
73.084082 73.776054 C#:(3,5)
73.776054 74.460045 Ab:(3,5)
74.460045 75.684082 D#:(3,5)
75.684082 77.152018 A#:(3,5)
77.152018 78.456054 C:(b3,5)
78.456054 79.920000 F:(3,5)
79.920000 82.680091 A#:(3,5)
82.680091 84.072018 D#:(3,5)
84.072018 85.428027 Ab:(3,5)
85.428027 86.796009 C#:(3,5)
86.796009 88.152018 F#:(3,5)
88.152018 89.496054 D#:(3,5)
89.496054 90.880000 A#:(3,5)
90.880000 92.252063 D#:(3,5)
92.252063 93.592018 Ab:(3,5)
93.592018 94.824036 C#:(3,5)
94.824036 96.344036 F#:(3,5)
96.344036 97.712018 D#:(3,5)
97.712018 99.068027 A#:(3,5)
99.068027 99.776054 D#:(3,5)
99.776054 100.472018 C:(b3,5)
100.472018 101.164082 F:(3,5,b7)
101.164082 101.824036 A#:(3,5,b7)
101.824036 103.216054 D#:(3,5)
103.216054 103.924082 C#:(3,5)
103.924082 104.596009 Ab:(3,5)
104.596009 104.940045 D#:(b3,5)
104.940045 105.980045 D#:(3,5)
105.980045 107.352018 A#:(3,5)
107.352018 108.764082 C:(b3,5)
108.764082 110.072018 F:(3,5)
110.072018 112.442086 A#:(3,5)
112.442086 115.512018 Ab:(3,5)
115.512018 118.224036 D#:(3,5)
118.224036 123.344036 A#:(3,5)
123.344036 125.356009 Ab:(3,5,7)
125.356009 126.372063 Ab:(3,5)
126.372063 129.076009 D#:(3,5)
129.076009 131.426032 A#:(3,5)
131.426032 134.276009 Ab:(3,5)
134.276009 136.144036 Ab:(b3,5)
136.144036 139.244082 Ab:(3,5)
139.244082 144.544036 Ab:(b3,5)
144.544036 146.566077 F#:(3,5)
146.566077 160.172063 Ab:(b3,5)
160.172063 161.328073 Ab:(3,5)
161.328073 162.075283 N
