0.000000 0.488073 N
0.488073 6.792018 A:(b3,5)
6.792018 8.824036 F:(3,5,7)
8.824036 10.836009 A:(3,5,b7)
10.836009 12.840000 D:(b3,5)
12.840000 14.604082 G:(3,5,b7)
14.604082 15.592018 C:(3,5)
15.592018 16.836009 C:(3,5,7)
16.836009 18.574059 A:(3,5,b7)
18.574059 20.816054 D:(3,5,b7)
20.816054 22.872018 G:(3,5,b7)
22.872018 24.888073 C:(3,5)
24.888073 26.960000 E:(3,5,b7)
26.960000 29.008073 A:(b3,5)
29.008073 31.056054 F:(3,5,7)
31.056054 33.124082 A:(3,5,b7)
33.124082 35.184036 D:(b3,5)
35.184036 37.224036 G:(3,5,b7)
37.224036 38.208073 C:(3,5)
38.208073 39.240000 C:(3,5,7)
39.240000 41.072018 A:(3,5,b7)
41.072018 43.376054 D:(3,5,b7)
43.376054 45.432018 G:(3,5,b7)
45.432018 47.484082 C:(3,5)
47.484082 50.592018 E:(3,5)
50.592018 52.720000 A:(b3,5)
52.720000 56.744036 F:(3,5,7)
56.744036 58.744036 G:(3,5,b7)
58.744036 60.828027 C:(3,5)
60.828027 62.848073 E:(3,5,b7)
62.848073 63.876009 A:(b3,5)
63.876009 66.908027 F:(3,5,7)
66.908027 68.972063 A:(3,5,b7)
68.972063 71.020045 D:(b3,5)
71.020045 73.056054 G:(3,5,b7)
73.056054 75.088073 C:(3,5)
75.088073 76.864036 A:(3,5,b7)
76.864036 79.148027 D:(3,5,b7)
79.148027 81.192018 G:(3,5,b7)
81.192018 83.232018 C:(3,5)
83.232018 85.002086 A:(3,5,b7)
85.002086 87.272018 D:(3,5,b7)
87.272018 89.328073 G:(3,5,b7)
89.328073 91.412063 C:(3,5)
91.412063 94.492063 E:(3,5)
94.492063 96.568073 A:(b3,5)
96.568073 100.564082 F:(3,5,7)
100.564082 102.612063 G:(3,5,b7)
102.612063 104.616054 C:(3,5)
104.616054 106.660045 E:(3,5,b7)
106.660045 108.712018 A:(b3,5)
108.712018 110.748027 F:(3,5,7)
110.748027 112.780045 A:(3,5,b7)
112.780045 114.820045 D:(b3,5)
114.820045 116.836009 G:(3,5,b7)
116.836009 117.852063 C:(3,5)
117.852063 118.872018 C:(3,5,7)
118.872018 120.880000 A:(3,5,b7)
120.880000 122.920000 D:(3,5,b7)
122.920000 124.956009 G:(3,5,b7)
124.956009 127.000000 C:(3,5)
127.000000 129.040000 A:(3,5,b7)
129.040000 131.068027 D:(3,5,b7)
131.068027 133.092063 G:(3,5,b7)
133.092063 135.144036 C:(3,5)
135.144036 136.928073 A:(3,5,b7)
136.928073 139.236009 D:(3,5,b7)
139.236009 141.304036 G:(3,5,b7)
141.304036 143.956009 C:(3,5)
143.956009 149.582948 N
