0.000000 1.276009 N
1.276009 2.572063 E:(3,5)
2.572063 4.172063 A:(3,5)
4.172063 5.776054 E:(3,5)
5.776054 7.328073 B:(3,5,b7)
7.328073 12.236009 E:(3,5)
12.236009 13.936054 E:(3,5,b7)
13.936054 17.204082 A:(b3,5)
17.204082 20.480000 E:(3,5)
20.480000 22.156009 B:(3,5)
22.156009 23.812063 A:(3,5)
23.812063 25.476009 E:(3,5)
25.476009 26.696054 B:(3,5)
26.696054 33.728073 E:(3,5)
33.728073 37.036009 A:(3,5)
37.036009 40.328073 E:(3,5)
40.328073 41.976054 B:(3,5)
41.976054 43.644082 A:(3,5)
43.644082 45.304036 E:(3,5)
45.304036 46.968073 B:(3,5)
46.968073 53.276009 E:(3,5)
53.276009 56.648073 A:(3,5)
56.648073 60.008073 E:(3,5)
60.008073 62.088073 B:(3,5,b7)
62.088073 63.368073 A:(3,5,b7)
63.368073 65.464036 E:(3,5)
65.464036 68.740045 E:(b3,5)
68.740045 73.312018 E:(3,5,b7)
73.312018 77.004082 A:(3,5,b7)
77.004082 79.936054 E:(3,5,b7)
79.936054 80.364082 C#:(3,5)
80.364082 81.248073 B:(3,5)
81.248073 82.500045 A:(3,5)
82.500045 83.320000 E:(b3,b5)
83.320000 85.364082 E:(3,5)
85.364082 87.108027 B:(3,5)
87.108027 94.012063 E:(3,5)
94.012063 97.356009 A:(3,5)
97.356009 100.792018 E:(3,5)
100.792018 102.480000 B:(3,5)
102.480000 104.224036 A:(3,5)
104.224036 105.912018 E:(3,5)
105.912018 107.632018 B:(3,5)
107.632018 114.456054 E:(3,5)
114.456054 117.848073 A:(3,5)
117.848073 120.448073 E:(3,5)
120.448073 122.168073 E:(3,5,b7)
122.168073 124.296054 A:(3,5)
124.296054 134.984036 E:(3,5)
134.984036 137.592018 A:(3,5)
137.592018 139.256054 E:(3,5)
139.256054 139.676009 D:(3,5)
139.676009 140.516009 E:(3,5)
140.516009 141.800091 E:(3,5,b7)
141.800091 143.148027 B:(3,5,b7)
143.148027 147.493152 N
