0.000000 0.584036 N
0.584036 8.328073 A:(3,5)
8.328073 8.776054 N
8.776054 10.640000 D:(3,5,b7)
10.640000 11.852063 G:(3,5,7)
11.852063 12.092063 B:(3,#5)
12.092063 14.404082 A:(3,5)
14.404082 16.000000 G:(3,5,7)
16.000000 21.812063 C:(3,5,b7)
21.812063 23.496054 F:(3,5,b7)
23.496054 27.492063 C:(3,5,b7)
27.492063 28.432018 G:(3,5,b7)
28.432018 31.012063 G:(3,5,7)
31.012063 38.520091 A:(3,5)
38.520091 40.648073 D:(3,5,b7)
40.648073 42.080000 G:(3,5,b7)
42.080000 42.284082 G:(3,5)
42.284082 44.404082 A:(3,5)
44.404082 45.952018 G:(3,5,7)
45.952018 48.372063 C:(3,5,b7)
48.372063 49.764082 F:(3,5,b7)
49.764082 52.844082 C:(3,5)
52.844082 55.440000 C:(3,5,b7)
55.440000 57.584036 C:(3,5)
57.584036 61.128073 G:(3,5)
61.128073 68.000000 A:(3,5)
68.000000 68.948027 A:(3,5,b7)
68.948027 70.852063 D:(3,5,b7)
70.852063 72.532063 G:(3,5,b7)
72.532063 76.648073 A:(b3,5)
76.648073 78.548027 C:(3,5)
78.548027 80.456054 A:(b3,5)
80.456054 82.400091 C:(3,5)
82.400091 84.240000 A:(b3,5)
84.240000 85.928073 F:(3,5)
85.928073 88.116009 G:(3,5)
88.116009 90.024036 F:(3,5)
90.024036 91.988027 G:(3,5)
91.988027 93.888073 A:(b3,5)
93.888073 95.804082 G:(3,5)
95.804082 101.592018 C:(3,5)
101.592018 103.272018 F:(3,5)
103.272018 104.700045 C:(3,5)
104.700045 105.412063 C:(3,5,b7)
105.412063 107.112018 F:(3,5,b7)
107.112018 107.340045 G:(b3,b5)
107.340045 110.268027 G:(3,5,b7)
110.268027 110.940045 G:(b3,b5)
110.940045 117.468027 A:(3,5)
117.468027 118.620045 A:(3,5,b7)
118.620045 120.820045 D:(3,5,b7)
120.820045 122.012063 G:(3,5,b7)
122.012063 122.500045 G:(b3,b5)
122.500045 126.372063 A:(3,5,b7)
126.372063 128.576054 D:(3,5,b7)
128.576054 129.584036 G:(3,5,b7)
129.584036 130.036009 G:(b3,b5)
130.036009 130.264036 G:(3,5,b7)
130.264036 134.052063 C:(3,5)
134.052063 138.344490 N
