0.000000 0.324082 N
0.324082 1.876009 G:(3,5)
1.876009 3.456054 A:(b3,5)
3.456054 4.994014 F:(3,5)
4.994014 6.384036 G:(3,5)
6.384036 8.092063 E:(b3,5)
8.092063 9.664036 A:(3,5)
9.664036 11.220045 F:(3,5)
11.220045 17.464036 G:(3,5)
17.464036 19.008073 C:(3,5)
19.008073 20.640000 G:(3,5)
20.640000 22.244082 E:(b3,5)
22.244082 23.644082 B:(3,#5)
23.644082 24.468027 G:(3,5)
24.468027 25.192018 D:(3,5)
25.192018 26.828027 C#:(b3,b5,b7)
26.828027 27.978050 C:(3,5,b7)
27.978050 29.900045 G:(3,5)
29.900045 31.460045 A:(b3,5)
31.460045 33.008073 F:(3,5)
33.008073 34.584036 G:(3,5)
34.584036 36.104036 E:(b3,5)
36.104036 37.644082 A:(3,5,b7)
37.644082 39.188027 F:(3,5)
39.188027 40.720000 G:(3,5)
40.720000 42.296054 E:(b3,5)
42.296054 43.828027 D#:(3,5)
43.828027 45.376054 D:(3,5)
45.376054 46.872018 C#:(b3,b5,b7)
46.872018 48.068027 C:(3,5)
48.068027 50.012063 G:(3,5)
50.012063 51.608073 E:(b3,5)
51.608073 53.172063 D#:(3,5)
53.172063 54.732063 D:(3,5)
54.732063 56.208073 C#:(b3,b5,b7)
56.208073 57.760000 C:(3,5,b7)
57.760000 59.336054 G:(3,5)
59.336054 60.896054 A:(b3,5)
60.896054 62.460045 F:(3,5)
62.460045 63.996009 G:(3,5)
63.996009 65.540045 E:(b3,5)
65.540045 67.076009 A:(3,5)
67.076009 68.656054 F:(3,5)
68.656054 70.224036 G:(3,5)
70.224036 71.836009 E:(b3,5)
71.836009 73.424036 D#:(3,5)
73.424036 74.672018 D:(3,5)
74.672018 75.072018 G:(3,5)
75.072018 76.230023 C#:(b3,b5,b7)
76.230023 77.392018 C:(3,5)
77.392018 78.252063 A#:(3,5)
78.252063 79.772063 G:(3,5)
79.772063 81.420045 E:(b3,5)
81.420045 83.008073 D#:(3,5)
83.008073 84.592018 D:(3,5)
84.592018 86.116009 C#:(b3,b5,b7)
86.116009 87.744036 C:(3,5,b7)
87.744036 89.272018 G:(3,5)
89.272018 90.868027 A:(b3,5)
90.868027 92.452063 F:(3,5)
92.452063 94.004082 G:(3,5)
94.004082 95.596009 E:(b3,5)
95.596009 97.152018 A:(3,5)
97.152018 98.756009 F:(3,5)
98.756009 100.372063 G:(3,5)
100.372063 102.008073 E:(b3,5)
102.008073 103.604082 D#:(3,5)
103.604082 105.088073 D:(3,5)
105.088073 106.396009 C#:(b3,b5,b7)
106.396009 108.356009 C:(3,5,b7)
108.356009 109.976054 G:(3,5)
109.976054 111.608073 E:(b3,5)
111.608073 113.264036 B:(3,#5)
113.264036 114.868027 D:(3,5)
114.868027 115.664036 C#:(b3,b5,b7)
115.664036 117.224036 C:(3,5,b7)
117.224036 118.012063 G:(b3,5)
118.012063 119.636009 G:(3,5)
119.636009 121.196009 A:(b3,5)
121.196009 122.784036 F:(3,5)
122.784036 124.388027 G:(3,5)
124.388027 125.928073 E:(b3,5)
125.928073 127.508027 A:(3,5)
127.508027 129.076009 F:(3,5)
129.076009 130.628027 G:(3,5)
130.628027 132.204082 A:(b3,5)
132.204082 133.768073 F:(3,5)
133.768073 135.340045 G:(3,5)
135.340045 136.944036 E:(b3,5)
136.944036 138.496054 A:(3,5)
138.496054 140.136054 F:(3,5)
140.136054 141.660045 G:(3,5)
141.660045 143.176054 A:(b3,5)
143.176054 144.788027 F:(3,5)
144.788027 146.364082 G:(3,5)
146.364082 147.908027 E:(b3,5)
147.908027 149.480000 A:(3,5)
149.480000 151.140045 F:(3,5)
151.140045 154.664036 E:(b3,5)
154.664036 170.422041 F:(b3,5)
170.422041 173.124082 Ab:(3,5)
173.124082 177.272018 F:(b3,5)
177.272018 181.858685 Ab:(3,5)
