0.000000 0.344036 N
0.344036 14.932063 A#:(3,5)
14.932063 17.296054 D#:(3,5,b7)
17.296054 19.144036 A#:(b3,5,b7)
19.144036 22.348027 A#:(3,5)
22.348027 23.744036 C:(b3,5)
23.744036 24.228027 F:(3,5)
24.228027 26.420045 D#:(3,5)
26.420045 28.216054 A#:(3,5)
28.216054 29.120000 F:(3,5)
29.120000 37.120000 A#:(3,5)
37.120000 37.868027 D#:(3,5,b7)
37.868027 40.820045 A#:(b3,5,b7)
40.820045 44.480000 A#:(3,5)
44.480000 46.364082 F:(3,5)
46.364082 47.216054 D#:(3,5)
47.216054 50.316009 A#:(3,5)
50.316009 51.676009 A#:(3,5,b7)
51.676009 55.416054 D#:(3,5)
55.416054 58.216054 A#:(3,5)
58.216054 59.156009 A#:(3,5,b7)
59.156009 63.080000 D#:(3,5)
63.080000 66.712018 F:(3,5)
66.712018 74.080000 A#:(3,5)
74.080000 74.900045 D#:(3,5)
74.900045 77.864036 A#:(b3,5,b7)
77.864036 81.544036 A#:(3,5)
81.544036 83.396009 F:(3,5)
83.396009 84.352018 D#:(3,5)
84.352018 85.188027 A#:(b3,5,b7)
85.188027 87.392018 A#:(3,5)
87.392018 88.772063 A#:(3,5,b7)
88.772063 92.520000 Eb:(3,5,7)
92.520000 94.832018 A#:(3,5)
94.832018 96.216054 A#:(3,5,b7)
96.216054 100.140045 D#:(3,5)
100.140045 101.980045 F:(3,5)
101.980045 103.772063 C:(b3,5)
103.772063 112.132063 A#:(3,5)
112.132063 114.932063 A#:(b3,5,b7)
114.932063 118.632018 A#:(3,5)
118.632018 120.500045 F:(3,5)
120.500045 122.352018 D#:(3,5)
122.352018 124.488073 A#:(3,5)
124.488073 125.852063 F:(3,5)
125.852063 137.068027 A#:(3,5)
137.068027 140.816054 D#:(3,5)
140.816054 141.764082 A#:(3,5)
141.764082 146.471474 N
